-29
-31
-22
-20
-18
-8
-15
-13
4
0
9
19
22
18
20
31
33
43
48
49
54
65
73
70
78
73
69
85
88
89
94
99
110
103
100
107
111
116
121
126
119
119
128
126
119
115
109
104
106
105
99
92
80
76
77
73
80
76
71
69
60
62
59
55
53
46
40
31
26
19
23
17
11
7
-14
-11
-12
-19
-34
-56
-51
-60
-70
-70
-76
-78
-99
-122
-121
-128
-150
-164
-167
-169
-179
-183
-187
-194
-212
-220
-217
-217
-210
-219
-221
-216
-220
-221
-222
-215
-216
-216
-214
-216
-200
-192
-193
-186
-175
-157
-143
-140
-131
-123
-101
-91
-84
-68
-63
-46
-25
-10
7
20
26
39
57
65
82
98
106
127
141
154
166
177
188
192
201
214
226
222
235
246
250
263
260
263
272
276
282
280
272
281
287
288
284
281
276
276
270
257
265
247
238
249
247
242
221
222
215
192
183
173
160
141
129
114
89
68
52
43
27
7
-5
-17
-37
-63
-72
-79
-98
-112
-142
-165
-176
-190
-192
-202
-221
-237
-248
-250
-257
-261
-272
-287
-294
-298
-296
-292
-289
-286
-302
-314
-300
-303
-291
-288
-292
-276
-279
-271
-257
-262
-256
-249
-248
-242
-220
-211
-212
-207
-200
-196
-187
-169
-152
-142
-131
-122
-117
-93
-76
-67
-61
-63
-33
-25
-14
16
25
39
51
62
77
96
109
125
138
151
163
163
182
199
201
213
227
246
248
249
271
282
284
280
273
283
297
304
297
294
302
301
299
290
275
276
279
272
268
266
268
260
261
264
254
259
245
235
239
225
206
191
185
183
182
169
144
126
111
102
83
47
19
3
-19
-37
-60
-85
-98
-121
-148
-170
-189
-206
-225
-251
-265
-272
-291
-310
-325
-335
-343
-347
-350
-357
-360
-354
-337
-319
-326
-327
-306
-294
-285
-265
-249
-233
-217
-198
-185
-183
-170
-144
-129
-110
-95
-91
-84
-78
-71
-58
-41
-36
-31
-26
-34
-35
-40
-37
-29
-20
-15
-28
-40
-37
-29
-24
-20
-12
-13
-12
-3
3
14
33
42
35
42
48
43
62
76
76
86
91
93
97
95
104
112
114
119
125
123
129
137
121
125
130
129
137
131
127
125
131
137
125
123
124
126
148
151
145
153
154
161
179
182
182
194
208
226
236
237
240
240
247
263
256
248
252
248
252
244
236
227
207
188
167
147
126
115
94
56
41
26
-6
-31
-41
-68
-103
-131
-148
-171
-197
-206
-222
-247
-256
-269
-286
-298
-308
-316
-321
-328
-326
-315
-320
-326
-322
-302
-285
-281
-279
-286
-266
-249
-237
-214
-217
-218
-200
-187
-170
-158
-159
-154
-147
-129
-118
-117
-109
-103
-95
-90
-84
-71
-51
-58
-63
-54
-38
-23
-21
-11
-9
-1
14
25
25
26
48
61
69
68
62
82
94
96
97
89
97
111
112
119
111
107
109
111
119
118
112
105
108
100
99
114
118
109
106
112
97
100
103
94
100
107
111
117
118
132
152
149
160
179
191
215
234
240
237
252
264
261
265
277
297
296
294
294
300
301
288
280
261
249
239
232
224
202
173
146
123
100
79
53
21
-16
-45
-71
-97
-126
-159
-180
-208
-229
-246
-271
-279
-285
-309
-331
-339
-349
-366
-371
-376
-382
-380
-381
-379
-368
-360
-357
-365
-357
-332
-320
-316
-313
-299
-280
-266
-248
-238
-232
-212
-188
-170
-171
-165
-140
-120
-112
-108
-99
-84
-72
-55
-43
-46
-37
-18
-4
19
45
50
48
51
62
72
89
92
82
87
97
116
146
154
143
132
133
138
151
166
154
146
151
159
165
165
156
151
163
165
157
151
137
137
145
145
146
141
140
143
155
165
159
152
150
169
191
205
203
209
215
220
231
236
252
257
265
274
268
279
282
264
245
248
254
246
247
228
214
210
183
169
152
132
116
82
64
38
-5
-24
-40
-69
-102
-135
-157
-173
-197
-222
-248
-271
-287
-310
-321
-334
-350
-358
-385
-403
-397
-398
-386
-391
-405
-392
-394
-386
-363
-363
-361
-349
-346
-334
-314
-309
-299
-275
-261
-245
-228
-231
-210
-186
-170
-160
-154
-139
-116
-101
-98
-95
-87
-68
-48
-31
-31
-24
-6
10
32
43
52
62
79
99
109
127
135
144
157
159
179
185
180
198
208
209
222
234
234
234
236
245
248
237
218
217
216
214
211
204
210
205
196
194
184
175
172
162
154
157
167
172
161
157
153
165
180
176
170
176
180
177
195
194
182
175
183
200
200
197
201
194
188
199
195
188
177
156
146
136
116
87
69
49
14
-4
-21
-41
-53
-77
-108
-134
-156
-180
-196
-215
-238
-255
-272
-288
-297
-316
-334
-342
-356
-358
-356
-367
-378
-375
-369
-370
-379
-369
-350
-348
-344
-339
-337
-330
-314
-299
-282
-276
-274
-257
-235
-219
-207
-191
-175
-163
-152
-134
-127
-106
-83
-77
-60
-47
-32
-18
6
21
18
42
66
70
83
103
111
126
136
143
161
163
174
185
185
189
197
207
219
232
233
222
227
250
260
251
248
240
228
225
227
228
218
208
201
185
178
177
169
157
138
124
125
117
121
114
97
100
106
112
104
97
101
103
111
105
108
113
106
113
126
134
136
146
153
149
148
145
155
157
150
143
131
128
124
117
99
88
80
66
53
35
6
-20
-34
-43
-63
-91
-108
-129
-149
-154
-172
-198
-217
-223
-229
-252
-275
-293
-319
-330
-325
-325
-330
-329
-330
-330
-332
-342
-337
-331
-336
-331
-323
-319
-310
-288
-289
-295
-275
-260
-242
-232
-236
-227
-208
-190
-175
-167
-142
-127
-122
-105
-102
-89
-69
-49
-23
-10
3
28
58
72
72
77
91
99
107
135
159
171
176
182
201
210
218
217
218
243
255
252
244
245
243
230
232
240
238
229
222
223
225
220
208
197
173
169
165
141
131
132
131
126
115
97
87
103
108
103
100
95
99
108
106
100
104
112
124
134
135
143
148
154
160
162
164
162
174
178
163
157
157
148
135
129
124
120
108
90
74
59
46
26
9
-4
-29
-50
-66
-95
-114
-126
-154
-171
-179
-192
-213
-232
-257
-279
-281
-294
-306
-319
-328
-327
-341
-349
-348
-352
-366
-379
-369
-366
-375
-363
-357
-354
-334
-325
-321
-311
-303
-291
-267
-258
-254
-242
-225
-205
-194
-172
-152
-147
-130
-109
-99
-81
-60
-39
-20
-3
9
17
42
69
86
107
117
135
159
166
169
183
198
211
232
235
230
238
249
252
263
278
290
284
275
273
264
268
261
243
238
228
227
229
230
221
201
185
180
182
169
143
139
129
122
121
115
112
97
109
119
102
100
104
103
102
100
105
109
110
117
114
109
95
87
101
94
100
114
101
108
113
108
118
102
86
73
52
51
36
20
14
-3
-18
-23
-40
-52
-65
-96
-103
-109
-140
-145
-148
-168
-177
-205
-221
-231
-258
-256
-251
-265
-278
-285
-291
-297
-309
-318
-314
-319
-340
-337
-335
-337
-331
-337
-326
-326
-329
-291
-297
-303
-288
-281
-257
-237
-220
-197
-173
-168
-154
-124
-126
-112
-100
-88
-43
-35
-15
19
13
44
69
67
79
109
131
131
147
158
183
194
200
244
229
217
248
260
246
238
267
265
260
268
275
281
277
277
252
240
249
256
223
198
233
203
178
183
184
161
123
152
143
109
97
98
93
52
57
81
45
31
55
43
36
32
34
47
16
15
39
22
8
37
47
35
28
36
31
23
53
47
53
51
48
45
29
60
47
35
53
39
22
30
23
6
24
-13
-14
-11
-31
-25
-68
-55
-60
-116
-119
-86
-95
-155
-131
-132
-172
-183
-182
-168
-217
-226
-202
-217
-246
-232
-213
-262
-257
-243
-257
-255
-260
-255
-275
-267
-248
-239
-237
-243
-218
-242
-218
-173
-203
-189
-152
-143
-152
-127
-103
-101
-89
-80
-29
-11
-41
17
59
20
36
57
79
104
98
126
154
140
151
186
183
202
219
197
210
208
201
225
204
208
228
189
183
217
198
162
172
182
170
132
126
163
126
94
104
97
90
91
100
77
65
60
57
40
39
64
28
23
29
28
29
0
25
14
0
14
20
41
8
9
46
35
11
59
71
31
64
90
73
13
117
95
48
21
57
343
-153
22
439
-74
-29
72
239
-13
-167
208
79
-67
-94
149
20
-185
65
30
-123
-104
25
-71
-162
-67
-24
-170
-217
-34
-149
-265
-171
-131
-217
-271
-174
-188
-253
-283
-215
-183
-323
-231
-204
-295
-237
-270
-234
-229
-245
-190
-223
-204
-170
-188
-137
-144
-126
-59
-149
-107
-37
-59
-72
-60
17
-12
-35
-10
94
75
-7
111
80
106
105
55
220
94
74
237
87
132
197
119
137
164
173
132
152
159
152
115
123
150
117
105
86
180
92
57
156
85
80
77
86
86
54
95
83
-9
109
90
12
72
22
129
40
20
104
48
57
9
92
18
40
87
40
111
-31
127
85
-7
164
-13
161
87
15
178
51
134
80
111
36
114
127
-56
165
96
80
-19
143
206
-141
136
87
97
4
-149
300
-37
-208
95
60
-75
-192
-15
32
-146
-199
-35
-53
-211
-191
-149
-82
-255
-363
-40
-123
-454
-249
-58
-306
-428
-156
-165
-372
-307
-215
-203
-348
-277
-134
-320
-274
-144
-177
-278
-195
-74
-248
-133
-128
-186
-26
-180
1
-107
-193
289
-200
-149
187
7
119
-199
243
208
-137
237
101
188
4
237
298
-77
243
267
182
48
253
369
19
141
312
152
62
204
297
73
59
297
196
36
22
309
230
-153
161
296
61
-80
148
243
-110
85
117
43
17
-56
178
-32
-54
62
70
-26
-104
180
55
-109
23
90
-9
-58
-26
106
40
-197
59
157
26
-68
-12
243
8
-125
108
146
41
-3
36
103
120
29
63
98
35
61
77
49
41
80
69
-88
22
87
-42
-39
-6
54
-88
-115
3
17
-177
-113
42
-198
-118
-168
-45
-109
-381
-12
-61
-374
-271
45
-243
-306
-113
-209
-118
-268
-155
-232
-212
-70
-277
-246
-201
84
-414
-342
155
-275
-2
-476
154
316
-885
138
179
-113
-244
-101
458
-491
-75
406
-68
-68
-214
601
57
-751
707
185
-183
252
-279
600
104
-352
432
29
219
197
-94
220
240
81
6
257
195
-9
169
39
54
252
91
57
73
169
-1
109
239
-207
154
165
-85
-105
190
313
-306
72
195
-52
-96
74
250
-157
-86
119
175
-117
-69
275
19
-71
154
66
-45
217
60
105
31
-97
306
25
34
169
66
193
57
61
68
191
117
26
148
-147
71
408
-87
-187
229
94
214
-117
-275
532
-7
-323
45
162
-50
-179
87
-212
32
-58
-207
18
-172
-31
-171
-199
-19
-186
-341
-21
13
-427
-230
-70
37
-470
-593
452
-153
-697
-231
98
-160
-460
16
-90
5
-681
-397
682
-548
-618
118
219
-437
-700
371
91
96
6
-828
114
332
-345
-93
-246
171
138
-354
192
-52
243
252
-251
21
-7
309
9
-48
80
233
104
-368
661
172
-91
97
27
677
-342
-192
491
352
151
-414
446
502
-538
147
610
279
-388
-298
1179
-221
-699
1307
-11
-556
56
330
874
-875
-427
1343
-168
-793
521
654
-170
-215
317
161
-25
281
168
-57
44
163
358
-19
-299
397
374
-120
-8
123
248
151
17
215
182
82
7
176
71
84
274
-314
240
199
-389
245
189
146
-271
-406
423
-55
-344
59
-44
-89
-353
-225
137
-1
-308
-434
40
-89
-523
-35
-296
-247
-160
-627
247
-413
-877
-28
201
-225
-1166
-21
71
-693
52
-142
-617
35
-680
-422
398
-1053
931
-433
-1980
1491
538
-1270
-981
1016
806
-1655
-457
608
824
-406
-1545
1686
956
-2270
272
1686
-88
-740
-396
1253
431
-1060
509
757
39
-274
847
571
-1040
271
1515
60
-989
719
533
54
-156
580
1065
-1199
212
977
-367
748
149
-751
527
-21
681
250
-869
768
-93
-60
408
117
-134
-262
745
-29
-330
158
319
395
-612
313
869
-608
-87
523
374
-111
-487
646
607
-497
23
643
131
2
127
462
124
-106
492
-55
55
196
379
198
-658
576
584
-422
-134
88
171
-130
-204
131
-229
-297
141
-7
-244
-241
-711
-87
787
-1091
-738
504
-1023
-83
129
-1025
135
-667
-643
375
-727
-1044
-265
1003
-550
-2375
118
1773
-1312
-1891
1299
-43
-1767
-91
430
53
-758
-810
269
-32
-73
-495
-147
418
-1004
164
724
-273
-638
-45
1238
-836
63
1206
-744
-102
389
878
26
-817
662
680
-223
749
563
-1034
1011
1089
-776
724
281
-9
22
315
1446
-1510
485
2201
-1509
-30
714
375
431
-898
149
1328
-243
-1323
840
1002
-209
-506
-145
607
368
-245
-571
736
347
-261
45
93
388
-216
326
371
106
-14
222
320
-361
784
727
-63
-163
359
1019
-280
-69
911
461
-81
-623
372
1346
-229
-833
765
600
-387
-129
40
34
235
-231
-445
-40
-349
107
-481
-354
722
-1593
-565
1176
-1258
-1077
339
-500
-629
-671
-588
1348
-2086
-1533
2002
-1235
-721
-1595
590
852
-2806
1011
-136
-888
-32
-622
337
-405
-521
-704
57
-97
-258
-773
-497
1348
-681
-1200
679
1092
-1406
-1345
1951
1025
-1893
-1778
2262
2217
-2605
-967
2920
-160
-950
137
346
1180
-686
17
696
-23
456
135
22
861
1318
-700
-1242
2053
819
-1210
473
447
820
-582
-207
1582
-344
-58
50
107
590
-554
176
637
-613
444
769
-1155
100
787
-22
182
-170
218
170
-256
313
673
372
92
13
367
361
204
1085
273
11
443
97
869
523
478
377
62
691
236
228
487
137
304
697
-339
-444
844
20
-175
-229
19
202
-792
-320
-304
138
-183
-473
-427
-1082
123
103
-1401
-1054
864
-343
-1942
-844
272
785
-1673
-1951
501
752
-917
-2169
-272
537
444
-1513
-1700
519
806
-340
-3381
1039
1487
-1283
-1205
-1299
2058
-960
-648
-349
-415
1326
-1681
180
-87
-376
893
-1481
-389
1575
-86
-1221
-488
854
1165
-681
-645
127
547
802
-301
-209
771
1075
-52
-458
515
989
244
-447
245
882
676
-1105
184
2061
-402
-415
285
642
1068
-919
-67
1904
-90
-1005
609
796
487
-414
199
1012
79
-302
-336
1292
1056
-263
308
357
522
583
470
1248
1008
-314
25
1121
1401
357
97
999
743
350
238
756
609
49
768
657
-30
-321
121
1156
381
-530
-285
-400
-103
-62
-396
-251
-355
-850
-988
-21
-63
-1168
-831
-9
108
-2255
-1841
1964
-124
-2223
-869
-526
-139
-1256
-577
1030
-2045
-2379
550
302
-1087
-1286
-1478
-7
1335
-2229
-2132
914
205
-1132
-1568
-315
832
-1216
-2274
1200
551
-1531
-1252
-552
1405
-314
-2162
183
1785
-1367
-1163
960
578
691
-1170
732
909
-714
801
-33
779
993
-247
-349
129
1353
604
-338
527
979
9
-158
1093
935
146
227
622
274
41
815
663
84
-184
383
732
91
341
634
-7
579
892
-487
545
1511
850
821
-620
375
2238
730
1170
963
-74
970
1170
1521
1164
49
553
1451
913
515
710
308
892
986
166
75
-223
379
910
-156
-1033
-530
-112
-189
-417
-1347
-528
-796
-1204
-78
-1449
-986
-206
-1191
-1259
-484
-467
-1730
-580
-37
-505
-882
-2233
-384
557
-1509
-607
-347
-1766
-908
-503
-689
-138
-137
-2668
-854
1520
-1633
-512
-606
-473
833
-2241
-899
1089
-105
-378
-1389
-107
1313
-1069
-1568
19
1786
-388
-3044
1038
950
-696
192
61
1736
-1183
-1376
2102
524
-365
845
683
-149
-172
71
1618
892
-347
12
230
1535
415
-408
719
1456
320
-1303
1254
1755
-572
-50
268
449
637
-570
130
1065
-188
-452
745
2113
627
-1232
250
1505
2144
1163
656
938
-29
1087
2443
2119
806
-347
680
2080
1654
1007
408
446
1553
840
1
308
326
791
288
-426
-253
-601
-478
-164
-63
-544
-1595
-1343
-530
-593
-925
-1362
-1868
-800
-962
-2040
-640
-600
-1094
-1382
-1742
-156
-1135
-1627
-52
-446
-460
-1712
-1364
166
-638
-282
-515
-748
-847
-704
-58
-606
-131
-686
-824
-410
-587
192
-1255
-441
391
-1596
-168
-14
-859
608
408
-865
-612
148
-58
310
563
-1227
-1685
1607
1463
-786
-459
-408
1450
110
-605
1156
73
656
363
606
999
-613
-751
718
1823
197
-1302
-291
1339
933
-663
-533
686
531
-351
654
1448
1178
751
388
1124
1080
958
2157
2772
2126
239
173
2446
3535
2558
818
1275
2160
1657
1609
2085
2162
1133
831
1359
1100
446
455
1241
858
-705
-1207
-596
-93
-501
-1187
-1408
-1580
-1699
-1742
-1450
-1348
-1732
-2101
-2170
-1899
-1528
-1583
-1559
-1072
-2002
-1856
-1039
-991
-684
-1643
-578
-192
-1567
-544
-302
-678
-294
-742
-530
-126
112
-501
-898
-14
-813
456
-658
-1281
663
-1570
-805
1152
-538
-2394
-414
-23
-1044
11
-568
-380
-78
-1468
-645
1631
-345
-1025
-77
150
716
-1507
-658
867
352
156
-724
-100
-38
644
849
-6
292
353
162
151
1091
481
97
274
449
720
-445
207
1180
909
869
1943
1782
244
441
1498
3553
3603
1633
745
845
2703
4517
3900
1455
276
1304
3698
4116
2079
1228
903
1961
2599
1310
514
392
1113
1059
-201
-918
-648
-281
-358
-849
-1692
-1963
-1701
-1389
-1392
-1869
-2379
-2446
-2137
-1993
-1974
-2175
-2401
-2263
-1705
-1780
-2255
-1700
-1632
-1629
-1128
-1086
-1274
-1327
-612
-335
-976
-751
-291
-422
377
-502
-1135
151
-412
-175
329
80
-790
-976
256
-12
-417
-1073
-178
276
-1550
-1333
470
-49
-1238
83
-1176
-705
62
-1203
236
112
-434
-1258
163
1055
-671
-722
23
1204
-84
-675
44
135
843
739
-218
-865
584
838
-553
264
933
395
65
463
2587
2412
259
1458
1661
1875
3668
3639
2890
699
1089
3745
4782
4235
1981
739
1783
3939
4014
2599
1450
1490
2369
1501
1151
1361
1223
710
-79
-198
-622
-807
-454
-217
-1385
-2298
-1932
-1810
-1491
-1925
-2095
-2263
-3060
-2738
-2205
-1991
-2142
-2486
-2567
-2367
-2050
-1621
-1380
-1680
-1571
-1357
-1287
-1133
-972
-346
-397
-1237
-601
-99
-294
-248
-1137
-447
110
-381
-416
-622
-177
-771
-1048
-102
-281
-512
-958
-1657
-371
-733
-823
-218
-865
38
-1184
-1574
-448
699
-234
-1898
-73
-102
-196
-829
-284
1118
-751
-933
-111
1158
364
-774
365
-19
740
1120
336
448
14
504
1795
2516
3511
1206
-550
1692
3316
5042
4295
2588
1517
1196
3605
5892
5428
2264
978
2061
4178
4644
2991
2488
1905
1850
1770
1359
1495
1502
769
7
-555
-1019
-345
-529
-732
-1281
-2430
-2383
-2290
-1882
-2021
-2443
-2877
-3318
-3223
-2803
-2263
-2504
-2825
-3186
-2869
-2121
-1868
-1734
-1965
-2063
-1935
-1319
-927
-865
-882
-1107
-952
-671
-273
-304
-370
-350
-384
-267
-396
-336
179
270
-733
-1080
-673
242
285
-1023
-674
-965
-1001
182
-617
-769
-943
-1694
-920
-283
-187
-871
-1253
-647
-345
-385
-643
-66
239
-721
168
600
-218
459
191
712
1186
475
773
325
180
1182
2187
3342
3366
864
-320
1415
4783
6508
4065
1411
432
2490
5683
6503
4339
1442
1053
2791
4736
4239
3106
2191
1417
1527
1267
1615
2005
1304
107
-889
-1324
-449
7
-799
-1372
-2426
-2727
-2338
-1965
-1648
-2341
-3128
-3516
-3178
-2465
-2278
-2642
-2880
-3064
-2934
-2143
-1854
-1805
-2084
-2226
-1631
-1195
-949
-903
-1117
-1114
-734
-503
-292
-297
-429
-494
-631
-381
-267
-219
-338
-635
-782
-726
-253
-434
-559
-622
-1143
-926
-812
-780
-473
-711
-1334
-1413
-850
-580
-944
-1438
-1229
-442
-776
-1068
-95
-51
-207
-414
-504
39
735
867
416
586
-195
627
1317
1122
2426
2114
3092
2476
1316
2342
3081
5837
5773
3355
1282
1931
5241
6617
5599
2788
1842
2213
3979
5060
3920
2709
1200
1258
1508
1695
1670
1259
356
-1131
-1545
-1187
-86
-381
-1549
-2781
-3368
-2439
-2078
-1892
-2394
-3183
-3700
-3549
-2536
-2059
-2317
-3090
-3212
-2841
-2097
-1574
-1658
-1754
-2056
-1788
-1107
-467
-406
-819
-942
-755
-280
-70
-48
-240
-524
-684
-703
-251
-125
-368
-572
-898
-904
-774
-687
-643
-896
-1347
-1546
-1101
-897
-917
-1278
-1644
-1341
-1463
-1008
-681
-1064
-973
-1483
-1244
-224
-660
-323
-322
-845
108
41
442
422
405
741
888
687
307
1808
2775
5060
3073
394
989
2487
7726
7440
3811
595
831
5216
7905
7284
3359
1192
1359
4414
5709
4642
3353
1026
1071
1098
1541
2140
1620
330
-1539
-2346
-1541
-95
-330
-1459
-3238
-4055
-3080
-2226
-1505
-2214
-3638
-4479
-4032
-2549
-1900
-2193
-3106
-3683
-3247
-1922
-1052
-1131
-1678
-2363
-1912
-836
55
126
-589
-999
-799
-199
350
404
-26
-506
-814
-485
-28
4
-293
-844
-1138
-1066
-831
-722
-826
-1125
-1457
-1733
-1534
-1227
-1274
-1203
-1537
-1616
-1774
-1987
-1044
-999
-1016
-1058
-1856
-1291
-655
-313
113
-217
-597
-498
137
1206
1076
458
35
311
2924
5503
4454
1003
-470
1639
7283
9441
5868
994
-786
4242
8918
9103
5096
731
931
4127
6500
5900
3911
1391
672
1078
1884
2769
2196
936
-1555
-2725
-1530
-19
410
-1055
-3538
-4574
-3541
-2065
-1219
-2249
-3872
-4924
-4558
-2650
-1678
-2135
-3376
-4363
-3746
-2005
-955
-1087
-1947
-2739
-2164
-838
247
272
-638
-1115
-985
-139
708
619
-38
-527
-647
-299
116
76
-179
-761
-1067
-1026
-830
-597
-728
-1223
-1685
-1646
-1547
-1138
-1322
-1722
-1854
-2214
-1764
-1701
-1419
-1600
-2099
-1283
-1535
-855
-637
-1401
-223
-326
42
297
-106
661
541
698
486
1957
4899
4687
2116
-137
1049
6011
9583
7343
1970
-545
2898
8479
9888
6306
1498
391
3543
6615
6678
4466
1803
655
1020
1764
2683
2570
1096
-1303
-2878
-2008
-172
521
-818
-3398
-4788
-3803
-2123
-1279
-2084
-3905
-5105
-4687
-2828
-1587
-1902
-3081
-4148
-3783
-2069
-757
-724
-1627
-2619
-2387
-908
440
552
-367
-1154
-1073
-78
853
814
100
-668
-884
-400
177
267
-145
-931
-1320
-1243
-891
-440
-803
-1375
-1811
-1984
-1765
-1366
-1375
-1559
-2073
-2532
-1818
-1750
-1493
-1615
-1919
-1468
-1618
-1378
-933
-781
-303
-135
-1198
-599
416
967
1194
-154
373
3537
5115
3567
1133
-529
3858
8689
8207
4360
-447
1490
6827
9769
7900
2991
660
2865
6204
6786
5563
2632
1242
1246
1637
3006
2883
1578
-624
-2585
-1883
-94
425
-562
-3006
-4310
-3676
-2552
-1566
-2182
-3620
-4657
-4812
-3395
-2057
-2132
-2969
-3899
-3885
-2511
-1229
-852
-1325
-2294
-2230
-1100
238
700
-98
-844
-906
-171
795
1008
367
-271
-667
-437
288
431
52
-650
-1154
-1041
-757
-554
-719
-1370
-1859
-1849
-1609
-1341
-1374
-2132
-2486
-2246
-1945
-1526
-1755
-2090
-2290
-2056
-1366
-1022
-971
-1142
-1247
-760
-290
-129
284
-153
104
935
2402
4572
3320
1430
298
2419
7539
8547
5463
1080
820
5204
9418
8933
4476
1231
1754
5517
7183
6216
3657
1057
935
1755
2960
3380
2018
-240
-2005
-2331
-766
431
-343
-2309
-4452
-4314
-2923
-1910
-1937
-3433
-4715
-4958
-3942
-2541
-2080
-2822
-3918
-4110
-3020
-1505
-908
-1285
-2077
-2283
-1277
43
722
347
-520
-759
-90
846
1291
866
47
-324
-76
469
719
275
-455
-856
-827
-662
-466
-752
-1354
-1494
-1805
-1727
-1553
-1779
-1648
-2140
-2379
-2246
-2108
-1745
-1918
-2114
-2023
-2024
-1541
-794
-1147
-1027
-928
-898
-14
207
72
5
570
3367
4721
2463
725
-133
3911
8856
7918
3822
-229
1623
7057
10114
7944
3183
653
2842
6738
7259
5927
2689
863
1389
2204
3430
3182
1474
-807
-2391
-1679
263
405
-830
-3092
-4655
-3729
-2495
-1781
-2434
-4108
-5139
-4935
-3526
-2305
-2539
-3615
-4365
-4042
-2584
-1309
-1193
-1778
-2475
-2235
-926
305
647
-177
-829
-551
298
1270
1331
579
-10
-67
303
857
902
354
-271
-639
-390
-202
-324
-573
-1088
-1407
-1400
-1470
-1477
-1396
-2069
-2144
-2037
-2318
-1827
-2184
-2297
-2322
-2371
-1662
-1808
-1384
-1208
-1834
-1088
-352
-307
-200
-617
-218
2872
4657
2812
575
-751
3105
8309
8293
4714
-131
854
6491
9944
8731
3966
700
2383
6389
7736
6472
3352
1249
1309
2208
3674
3697
2014
-270
-2146
-1779
420
903
-531
-2835
-4419
-3744
-2391
-1578
-2330
-4005
-4978
-4938
-3698
-2341
-2530
-3723
-4517
-4173
-2753
-1480
-1315
-2005
-2766
-2409
-1078
76
487
-294
-973
-655
250
1204
1304
610
5
-65
394
986
880
292
-320
-628
-214
139
-281
-740
-1150
-1391
-1185
-1282
-1418
-1617
-1835
-2088
-2235
-2040
-1923
-1888
-2072
-2158
-2501
-2149
-1625
-1471
-1123
-1631
-1587
-1232
-720
121
-104
192
2500
3209
2094
864
166
4045
7690
7069
3492
70
2353
7329
9692
7436
2837
865
3845
7249
7573
5563
2543
1611
2143
3099
3551
3129
1789
-326
-1750
-1241
486
711
-705
-3327
-4596
-3474
-1878
-1433
-2873
-4550
-5310
-4640
-3058
-2162
-2947
-4168
-4651
-3884
-2097
-1147
-1523
-2488
-2902
-2031
-505
544
339
-692
-1057
-326
878
1604
1219
320
-59
281
800
1042
809
238
-399
-411
10
81
-171
-790
-1169
-1101
-1152
-1140
-1343
-1590
-1501
-1785
-2033
-1978
-2267
-1697
-1867
-2362
-1885
-2465
-1710
-1421
-1846
-1347
-1513
-887
-640
-615
-894
-143
2939
3482
1925
-79
-362
3741
7547
7332
3048
-372
1837
6806
9451
7299
2829
820
3465
6793
7477
5536
2871
1863
2049
3257
3718
3363
2125
-54
-1364
-901
831
1015
-570
-3018
-4223
-3348
-1903
-1417
-2752
-4361
-5190
-4621
-3185
-2274
-2861
-4293
-4885
-3964
-2309
-1392
-1672
-2745
-3168
-2276
-765
410
153
-907
-1360
-585
943
1603
1090
197
-131
290
874
1155
880
228
-358
-137
266
323
-67
-570
-733
-875
-820
-900
-1139
-1426
-1537
-1554
-1860
-1936
-1794
-2005
-1938
-2004
-2067
-2053
-2208
-1505
-1536
-1399
-1179
-1475
-1163
-756
-726
1246
3586
2057
714
-799
1033
6587
8039
5320
374
-501
4349
9153
9035
5026
741
987
5706
7757
7068
3891
1471
2072
2670
3696
3714
2556
1179
-623
-1629
-331
1058
688
-1196
-4069
-4339
-2736
-1283
-1237
-3353
-4949
-5225
-3971
-2164
-1876
-3283
-4679
-4747
-3228
-1302
-1028
-1945
-3123
-3074
-1414
137
658
-211
-1425
-1328
89
1361
1452
516
-284
-224
467
1216
1173
348
-404
-502
-82
351
177
-327
-731
-964
-928
-845
-811
-1314
-1518
-1630
-1729
-1539
-1729
-1578
-2167
-2125
-1543
-1984
-1818
-1843
-1880
-1253
-1110
-1247
-1293
-1160
-438
-339
1058
3231
2426
1212
-17
996
5458
7982
6020
1353
-242
3493
8297
9014
5561
1052
458
4601
7367
6976
4017
1354
1385
2403
3436
3432
2298
1030
-489
-1647
-731
533
553
-887
-3506
-4414
-3146
-1437
-1116
-2816
-4653
-5070
-4042
-2240
-1496
-2747
-4127
-4458
-3252
-1243
-573
-1442
-2785
-2960
-1563
31
682
-37
-1201
-1355
-233
1041
1394
711
-330
-467
314
1053
1052
321
-341
-644
-346
106
61
-506
-1052
-1237
-957
-738
-963
-1262
-1697
-1689
-1500
-1268
-1469
-1779
-1911
-1722
-1448
-1564
-1569
-2066
-1606
-1092
-817
-977
-1109
-898
-946
-282
1018
3379
2728
1294
-108
304
5097
7733
6420
1585
-444
2635
7408
9140
5800
1600
52
3804
6880
6705
4331
1447
1368
2214
3000
3029
2383
1238
-50
-1329
-1319
-6
372
-324
-2703
-4377
-3670
-1946
-1024
-2138
-4082
-5173
-4331
-2518
-1403
-2162
-3715
-4248
-3407
-1468
-381
-962
-2194
-2698
-1737
-31
914
345
-751
-1189
-312
925
1382
979
-49
-469
47
662
821
351
-325
-688
-647
-324
-225
-486
-934
-1302
-1306
-1285
-1249
-1098
-1213
-1848
-1836
-1622
-1610
-1245
-1595
-1932
-1760
-1556
-1543
-1367
-1387
-1547
-1068
-1034
-453
-549
-695
-272
-368
2509
3573
2120
745
-81
2944
6711
7402
3619
551
1360
5752
8796
6705
3485
651
2580
6027
6251
4628
2441
1579
2001
2696
2283
2074
1435
507
-719
-1856
-881
-118
-336
-1649
-3708
-4154
-2616
-1496
-1780
-3135
-4655
-4473
-3094
-1737
-1731
-2981
-3704
-3313
-1958
-536
-481
-1538
-2021
-1535
-300
722
558
-101
-747
-419
654
1000
902
340
-186
-95
107
328
261
-108
-698
-987
-835
-551
-489
-1152
-1482
-1631
-1689
-1357
-1210
-1480
-1946
-1809
-1897
-1644
-1413
-1753
-1774
-1978
-1614
-1494
-1576
-1143
-1350
-1210
-831
-580
-483
-374
-49
-206
2247
3668
2318
939
171
3250
6620
7355
3922
435
1705
5987
8970
6662
2986
637
2640
6437
6462
4106
1660
1290
2329
2997
2226
1154
584
390
-212
-1554
-1505
-872
-741
-1429
-3204
-4101
-3075
-1745
-1622
-2783
-4228
-4264
-3056
-1710
-1387
-2551
-3352
-2879
-1589
-392
-370
-1187
-1657
-1154
-82
717
603
25
-405
-326
522
999
847
444
-172
-255
-10
200
53
-379
-715
-1056
-1008
-994
-961
-1055
-1433
-1648
-1946
-1800
-1548
-1470
-1533
-1837
-2163
-2133
-1453
-1228
-1412
-1722
-1939
-1392
-1110
-1039
-1135
-1198
-886
-598
-151
-452
-189
-321
1216
3761
2536
1180
-5
1781
5832
7557
4971
594
812
4533
8689
7613
3565
1017
1644
5858
6930
4562
1992
1110
2266
3242
2542
1016
414
427
313
-787
-1843
-1376
-854
-1151
-2390
-3846
-3567
-2138
-1574
-2319
-3674
-4241
-3318
-1931
-1264
-2076
-3152
-2940
-1838
-630
-225
-914
-1629
-1271
-339
481
677
141
-259
-243
328
935
797
393
52
-201
-115
-4
-146
-327
-586
-979
-1160
-1139
-1058
-979
-1336
-1573
-1664
-1790
-1359
-1420
-1492
-1529
-1952
-1734
-1477
-1239
-1321
-1541
-1506
-1315
-1139
-1138
-1132
-1129
-685
-679
-381
-366
-184
-29
834
3200
2701
1629
467
1442
4775
6910
5741
1421
828
3473
7492
7912
4221
1479
1216
4717
6656
5083
2258
982
1694
2798
3031
1331
209
-215
-167
-297
-1060
-1439
-1639
-1822
-2235
-2770
-3148
-2591
-2185
-2569
-2953
-3349
-3052
-2247
-1710
-1851
-2412
-2461
-1703
-914
-552
-582
-1134
-1135
-415
201
509
259
-84
-137
148
688
713
291
0
-168
-320
-272
-268
-628
-756
-960
-1258
-1356
-1452
-1248
-1311
-1583
-1737
-1766
-1614
-1339
-1281
-1709
-1671
-1571
-1431
-1110
-1249
-1318
-1397
-1229
-911
-916
-945
-1053
-841
-751
-267
88
-201
218
-75
1548
3075
2397
1852
794
2344
5044
6520
4329
1512
1947
4203
7416
6401
3500
1571
2147
5307
5868
3946
1941
1303
1839
2963
2430
733
-19
-370
-24
-351
-1111
-1623
-1964
-1929
-1870
-2381
-3024
-2560
-2485
-2445
-2441
-2936
-2718
-2361
-1913
-1695
-1915
-1952
-1494
-977
-672
-523
-858
-745
-194
155
382
157
-93
-16
207
510
528
120
-164
-323
-428
-309
-464
-744
-935
-1260
-1429
-1380
-1388
-1289
-1430
-1811
-1792
-1855
-1643
-1296
-1503
-1766
-1780
-1624
-1485
-1269
-1253
-1362
-1288
-1265
-1181
-1026
-813
-635
-760
-769
-505
-67
435
452
174
1470
2665
2441
2148
1550
2598
4678
5814
4112
2107
2660
4464
6498
5419
3364
2258
2916
4954
4670
2947
1898
2141
2329
2269
1476
262
291
299
106
-834
-1649
-1537
-1560
-1462
-1757
-2464
-3033
-2519
-2107
-2307
-2421
-2762
-2475
-2137
-1870
-1749
-1808
-1472
-1043
-913
-1018
-776
-591
-192
114
-131
-142
-48
269
492
328
92
42
145
132
-22
-498
-666
-585
-646
-737
-1135
-1444
-1452
-1254
-1168
-1412
-1696
-1730
-1626
-1488
-1453
-1590
-1681
-1664
-1410
-1282
-1413
-1335
-1263
-1252
-983
-916
-999
-1156
-860
-515
-511
-407
-574
-226
324
383
1089
2052
1973
1898
1727
2225
3786
5024
4411
2481
2371
3714
5616
5790
3884
2410
2265
4039
5126
3935
2243
1543
1774
2199
2393
1329
213
-228
-335
-245
-689
-871
-1441
-2023
-1998
-2038
-2228
-2319
-2197
-2512
-2544
-2349
-2227
-2071
-1896
-1657
-1712
-1543
-1141
-854
-719
-658
-599
-542
-184
151
129
54
44
199
322
340
330
102
-134
-185
-273
-502
-592
-746
-970
-1091
-1208
-1256
-1321
-1334
-1455
-1638
-1656
-1546
-1415
-1506
-1497
-1523
-1601
-1434
-1300
-1065
-1069
-1130
-1214
-1140
-865
-768
-670
-972
-962
-848
-664
-258
-201
-129
-127
-7
1235
2066
1886
1647
1382
2350
3875
4819
3710
2257
2559
3807
5439
5254
3695
2354
2375
4018
4772
3826
2420
1479
1435
2030
2447
1624
316
-526
-672
-296
-214
-508
-1649
-2442
-2044
-1677
-1668
-1981
-2482
-2707
-2303
-1905
-1942
-2079
-1970
-1754
-1631
-1367
-1181
-1038
-799
-492
-431
-621
-327
84
273
274
69
-54
54
391
465
110
-305
-409
-370
-401
-440
-763
-1110
-1219
-1106
-1042
-1233
-1340
-1409
-1516
-1382
-1293
-1312
-1270
-1307
-1181
-1287
-1295
-1004
-951
-893
-907
-953
-941
-908
-612
-485
-541
-628
-840
-576
-437
-136
54
-54
-106
375
1312
1555
1765
1415
1588
2463
3471
3711
2703
2442
2726
3662
4380
3936
2997
2425
2892
3567
3632
3070
2291
1671
1563
1924
1745
1202
523
-148
-372
-327
-251
-769
-1317
-1640
-1772
-1645
-1633
-1754
-2075
-2180
-1978
-1795
-1800
-1752
-1660
-1649
-1386
-1159
-1082
-946
-842
-640
-529
-452
-268
-217
-144
-44
-31
-65
-15
-19
-118
-217
-367
-509
-587
-650
-704
-769
-927
-1001
-1026
-997
-1023
-1055
-1137
-1183
-991
-1021
-1005
-921
-916
-795
-698
-659
-737
-712
-556
-508
-535
-534
-478
-576
-639
-614
-572
-540
-517
-527
-484
-353
-235
-60
331
822
1017
1236
1260
1507
1996
2554
2842
2542
2455
2437
2736
3164
3204
3034
2846
2625
2543
2515
2469
2451
2016
1611
1395
1121
1067
873
511
183
-106
-250
-448
-676
-940
-1045
-1062
-1197
-1319
-1469
-1583
-1505
-1396
-1403
-1446
-1518
-1383
-1188
-1085
-969
-995
-942
-743
-597
-525
-506
-481
-330
-149
-96
-169
-278
-290
-230
-264
-407
-498
-614
-690
-696
-743
-715
-726
-838
-934
-919
-865
-882
-957
-1020
-1021
-980
-883
-848
-885
-895
-858
-725
-665
-731
-743
-705
-611
-534
-546
-551
-582
-581
-524
-460
-457
-402
-262
-209
-73
191
491
763
958
1104
1222
1273
1508
1740
1794
1976
1985
1920
2037
2185
2409
2644
2586
2456
2320
2173
2298
2317
2189
1982
1632
1418
1263
1187
1086
865
595
235
61
-51
-94
-127
-421
-646
-745
-807
-776
-828
-979
-1029
-1077
-1077
-972
-980
-981
-964
-989
-926
-937
-971
-867
-892
-876
-812
-883
-796
-711
-711
-725
-813
-862
-888
-917
-931
-914
-957
-975
-928
-908
-812
-791
-838
-838
-862
-807
-704
-702
-737
-734
-662
-571
-533
-533
-597
-584
-561
-529
-543
-590
-501
-515
-465
-482
-556
-554
-558
-510
-550
-504
-475
-289
-148
-39
317
543
876
867
874
1100
1320
1804
1914
1839
1788
1949
2331
2685
2807
2600
2404
2308
2518
2618
2455
2249
1921
1802
1806
1727
1559
1296
981
710
582
510
389
142
-159
-365
-448
-554
-613
-763
-970
-1010
-1097
-1118
-1091
-1143
-1176
-1153
-1170
-1190
-1192
-1218
-1194
-1214
-1203
-1104
-1046
-1004
-981
-968
-880
-842
-862
-874
-878
-835
-801
-771
-763
-724
-649
-600
-589
-597
-519
-537
-592
-542
-544
-494
-420
-426
-467
-510
-531
-496
-438
-486
-626
-686
-605
-523
-478
-542
-625
-652
-692
-669
-752
-778
-742
-739
-677
-617
-454
-70
349
514
633
550
725
1199
1494
1814
1803
1694
1840
2106
2477
2744
2665
2511
2430
2382
2569
2641
2398
2169
1931
1809
1855
1776
1568
1252
895
728
680
591
447
158
-168
-370
-442
-470
-522
-723
-924
-986
-1124
-1149
-1094
-1126
-1094
-1155
-1250
-1249
-1242
-1203
-1173
-1216
-1201
-1132
-1114
-995
-910
-905
-872
-917
-859
-802
-823
-766
-774
-776
-702
-631
-548
-522
-516
-482
-509
-532
-456
-430
-460
-444
-434
-396
-393
-445
-477
-544
-600
-593
-605
-637
-651
-689
-674
-664
-637
-641
-718
-738
-801
-775
-770
-734
-688
-678
-573
-308
167
485
678
614
595
895
1338
1851
1942
1778
1677
1815
2255
2717
2825
2561
2332
2283
2425
2583
2487
2250
1987
1778
1770
1757
1605
1356
1013
778
695
659
540
273
-27
-253
-335
-426
-485
-622
-832
-931
-1018
-1022
-1081
-1132
-1083
-1063
-1138
-1233
-1296
-1312
-1183
-1143
-1175
-1136
-1140
-1068
-951
-855
-762
-766
-807
-797
-740
-661
-661
-669
-631
-616
-528
-453
-433
-423
-457
-468
-483
-473
-423
-440
-472
-467
-507
-540
-526
-554
-600
-654
-748
-805
-771
-747
-683
-702
-762
-773
-768
-644
-655
-770
-877
-862
-676
-556
-442
-362
-144
281
562
816
835
856
1149
1491
1915
2015
1862
1750
1929
2341
2687
2682
2386
2185
2175
2422
2584
2431
2118
1791
1697
1792
1745
1569
1227
870
721
660
635
445
103
-180
-326
-379
-418
-501
-734
-907
-968
-1006
-966
-1057
-1160
-1167
-1205
-1214
-1266
-1375
-1377
-1292
-1160
-1113
-1148
-1077
-958
-813
-701
-655
-677
-679
-668
-662
-637
-659
-618
-570
-492
-401
-446
-482
-482
-448
-400
-449
-536
-592
-619
-643
-640
-622
-659
-694
-740
-771
-770
-818
-839
-871
-881
-817
-779
-725
-752
-774
-761
-721
-612
-582
-477
-488
-455
-360
-312
32
448
791
962
891
830
1097
1532
1957
2090
1846
1688
1788
2159
2623
2751
2453
2163
2113
2347
2582
2482
2156
1820
1622
1640
1721
1622
1329
941
687
650
667
596
353
-22
-269
-338
-392
-408
-533
-770
-911
-1015
-994
-953
-1014
-1088
-1159
-1202
-1195
-1174
-1175
-1136
-1146
-1126
-1031
-948
-874
-823
-799
-762
-713
-703
-679
-698
-734
-740
-722
-652
-605
-593
-615
-646
-646
-617
-618
-679
-714
-764
-812
-808
-823
-831
-759
-733
-770
-803
-857
-824
-770
-748
-746
-821
-792
-664
-570
-515
-509
-535
-498
-475
-467
-325
-292
-258
-222
-205
74
448
779
974
902
813
1017
1411
1862
2035
1822
1588
1655
2028
2499
2639
2341
2059
1973
2171
2441
2363
2096
1813
1604
1657
1776
1767
1521
1114
833
801
818
735
476
71
-188
-291
-287
-296
-467
-705
-850
-892
-894
-893
-933
-988
-1014
-1077
-1145
-1159
-1146
-1076
-1066
-1104
-1110
-1080
-938
-823
-833
-860
-896
-893
-805
-755
-770
-846
-925
-880
-796
-757
-776
-839
-831
-834
-841
-814
-830
-836
-841
-833
-795
-760
-734
-696
-697
-689
-669
-700
-689
-668
-595
-563
-544
-510
-482
-345
-286
-248
-284
-356
-339
-297
-154
-77
-125
-229
-198
79
514
882
957
784
675
884
1374
1844
1861
1613
1378
1489
1972
2361
2407
2130
1888
1898
2168
2391
2332
2053
1725
1655
1810
1922
1846
1503
1148
962
944
975
840
546
219
-7
-119
-140
-192
-357
-536
-682
-776
-803
-843
-879
-934
-1025
-1113
-1202
-1222
-1192
-1166
-1201
-1274
-1255
-1152
-1078
-1082
-1123
-1147
-1144
-1111
-1065
-1053
-1086
-1118
-1109
-1059
-980
-910
-878
-882
-873
-860
-845
-799
-772
-762
-798
-788
-698
-637
-601
-597
-615
-552
-479
-452
-433
-447
-452
-396
-312
-236
-210
-205
-165
-125
-115
-143
-202
-219
-135
-152
-112
-143
-181
-36
147
513
698
743
669
722
1050
1430
1681
1596
1459
1425
1686
2095
2321
2246
1995
1893
2047
2326
2450
2269
1995
1795
1824
1951
1905
1753
1438
1155
1050
1004
921
688
390
185
22
-107
-214
-376
-516
-630
-782
-878
-910
-984
-1034
-1126
-1248
-1305
-1360
-1375
-1345
-1368
-1433
-1471
-1436
-1309
-1217
-1239
-1272
-1270
-1223
-1115
-1033
-1015
-1042
-1098
-1052
-908
-762
-700
-780
-812
-745
-642
-543
-543
-590
-614
-591
-514
-443
-452
-513
-531
-496
-437
-392
-432
-460
-434
-390
-359
-366
-325
-259
-243
-204
-184
-161
-135
-189
-188
-218
-191
-146
-127
-148
-174
4
304
651
776
715
670
836
1278
1658
1738
1593
1453
1605
1948
2275
2418
2242
2087
2079
2241
2432
2409
2210
1930
1773
1767
1785
1756
1558
1256
1006
882
863
758
493
165
-70
-183
-263
-362
-551
-744
-852
-915
-974
-1076
-1178
-1252
-1302
-1358
-1421
-1491
-1534
-1508
-1486
-1465
-1464
-1429
-1345
-1282
-1222
-1161
-1124
-1089
-1042
-995
-942
-895
-833
-802
-776
-706
-663
-600
-551
-529
-511
-481
-440
-443
-454
-466
-457
-429
-419
-421
-425
-424
-411
-378
-383
-413
-399
-357
-316
-301
-303
-284
-243
-200
-142
-131
-144
-170
-175
-194
-207
-138
-99
-8
-32
10
210
505
840
926
888
862
1086
1457
1758
1812
1646
1546
1678
2023
2285
2275
2074
1911
1947
2144
2260
2184
1968
1739
1618
1623
1616
1514
1282
985
782
643
595
493
232
-62
-328
-449
-476
-546
-705
-916
-1085
-1163
-1159
-1189
-1248
-1333
-1389
-1411
-1424
-1397
-1380
-1334
-1308
-1315
-1287
-1239
-1145
-1072
-1040
-1015
-1014
-954
-887
-861
-801
-803
-809
-761
-728
-672
-663
-654
-599
-550
-528
-530
-533
-537
-501
-471
-470
-478
-473
-445
-425
-378
-356
-357
-352
-345
-291
-243
-213
-208
-212
-174
-117
-29
25
5
2
-3
46
100
90
154
181
228
276
257
341
461
692
904
973
962
965
1150
1406
1638
1630
1524
1495
1593
1863
2028
1994
1826
1719
1752
1885
1943
1818
1635
1482
1411
1400
1374
1219
996
754
603
516
370
224
-5
-221
-390
-514
-586
-650
-738
-891
-987
-1083
-1120
-1113
-1158
-1164
-1243
-1297
-1306
-1297
-1208
-1219
-1240
-1225
-1231
-1166
-1091
-1030
-988
-982
-947
-928
-898
-855
-835
-791
-780
-762
-711
-662
-614
-599
-606
-609
-561
-504
-471
-454
-498
-487
-434
-396
-363
-376
-373
-363
-306
-247
-226
-192
-185
-141
-65
-9
22
32
74
175
246
272
277
266
287
306
323
293
303
337
361
392
327
322
374
542
765
813
776
704
773
982
1194
1297
1218
1151
1139
1314
1516
1579
1554
1431
1423
1493
1566
1592
1523
1380
1254
1218
1203
1181
1064
855
668
545
479
448
332
148
-63
-213
-303
-385
-465
-647
-770
-862
-935
-974
-1065
-1110
-1154
-1196
-1238
-1276
-1299
-1329
-1316
-1309
-1326
-1332
-1306
-1241
-1193
-1136
-1116
-1124
-1067
-983
-883
-839
-830
-820
-771
-625
-524
-502
-523
-545
-485
-394
-312
-292
-310
-312
-275
-197
-158
-132
-134
-116
-75
-80
-91
-55
-4
45
83
77
99
154
234
292
294
271
258
299
346
338
280
240
217
236
242
228
216
170
168
150
185
241
381
512
509
521
510
669
862
1025
1084
1019
1042
1166
1418
1549
1567
1490
1419
1511
1622
1683
1601
1435
1328
1299
1320
1291
1138
938
743
615
538
428
259
24
-148
-276
-385
-493
-634
-747
-881
-965
-1038
-1107
-1135
-1218
-1262
-1288
-1302
-1314
-1320
-1292
-1284
-1264
-1246
-1221
-1180
-1120
-1060
-1019
-987
-951
-889
-799
-714
-649
-615
-594
-551
-505
-430
-361
-328
-328
-357
-339
-303
-262
-247
-268
-270
-272
-228
-199
-190
-178
-178
-109
-72
-39
-7
1
36
55
97
132
160
185
191
199
195
198
216
232
233
243
208
177
163
136
143
148
159
147
128
112
179
258
403
516
538
609
619
760
894
999
1050
1045
1125
1228
1345
1413
1447
1401
1362
1383
1435
1474
1414
1278
1148
1067
1068
1049
921
738
532
381
321
245
106
-53
-228
-365
-434
-487
-574
-665
-768
-866
-931
-974
-971
-1001
-1041
-1065
-1117
-1128
-1103
-1083
-1077
-1071
-1042
-1002
-954
-909
-871
-858
-807
-743
-712
-679
-688
-657
-589
-542
-498
-485
-492
-456
-402
-388
-386
-399
-389
-368
-335
-295
-287
-274
-251
-206
-171
-162
-130
-106
-111
-94
-63
-34
-7
11
31
62
117
161
193
244
241
266
282
277
322
321
318
295
273
282
308
311
317
296
266
285
314
332
344
370
385
488
515
543
546
554
647
685
779
791
826
863
929
996
1012
1056
1020
1055
1078
1064
1064
998
984
939
884
837
763
721
633
549
432
325
217
109
55
-65
-172
-289
-395
-442
-533
-608
-691
-795
-832
-872
-934
-979
-996
-1033
-1025
-1031
-1055
-1034
-1042
-1031
-992
-957
-931
-919
-897
-843
-801
-759
-720
-706
-688
-628
-571
-528
-481
-485
-460
-426
-372
-314
-324
-317
-290
-260
-180
-146
-146
-121
-105
-69
-44
-28
-9
27
19
38
73
99
161
149
178
205
219
251
259
285
299
314
336
363
355
328
330
342
340
325
281
271
262
254
274
248
236
249
275
268
287
285
320
394
403
463
473
534
574
632
681
697
757
785
851
853
864
858
880
917
905
900
842
814
796
743
692
629
550
472
405
312
225
131
29
-63
-171
-250
-356
-444
-507
-577
-635
-672
-730
-781
-802
-847
-874
-897
-916
-905
-885
-882
-861
-876
-875
-849
-808
-764
-754
-760
-745
-690
-650
-595
-573
-560
-523
-492
-454
-409
-364
-332
-311
-317
-308
-280
-239
-197
-164
-177
-182
-142
-93
-38
-6
-5
3
22
48
59
81
127
145
172
200
230
275
320
344
374
406
419
428
446
477
495
504
503
504
509
529
511
492
480
443
420
403
384
345
305
248
217
214
212
186
137
116
127
131
114
128
116
120
131
156
188
194
206
228
255
264
284
295
323
329
320
325
325
348
342
310
284
246
222
211
173
143
113
78
47
5
-47
-101
-128
-154
-211
-274
-326
-370
-388
-415
-449
-498
-554
-538
-522
-524
-540
-572
-574
-552
-512
-512
-503
-507
-516
-485
-487
-459
-445
-437
-430
-409
-389
-377
-340
-324
-291
-291
-271
-230
-204
-165
-158
-126
-95
-70
-38
3
40
59
90
112
155
198
228
252
272
306
332
348
374
369
366
380
370
361
369
371
351
341
305
276
246
225
220
179
135
109
109
103
113
85
55
41
35
70
67
62
43
53
74
78
95
73
57
47
70
66
56
66
47
63
67
66
57
40
46
40
23
6
-17
-51
-60
-31
-30
-30
-45
-46
-31
-14
21
-14
-28
-7
6
20
22
32
16
19
26
31
45
21
23
31
30
37
10
-18
-18
4
6
-14
-40
-55
-66
-75
-56
-83
-125
-145
-140
-116
-120
-107
-87
-97
-100
-81
-67
-40
-49
-74
-45
-40
-48
-40
-13
-33
-48
-48
-42
-20
-74
-94
-92
-78
-86
-110
-103
-129
-140
-145
-110
-103
-130
-143
-135
-99
-95
-88
-87
-74
-46
-32
-12
14
23
25
57
85
97
126
149
163
178
176
169
182
181
174
181
181
158
132
103
94
105
76
46
25
-11
-31
-41
-61
-83
-103
-115
-128
-132
-145
-178
-169
-194
-222
-182
-203
-217
-203
-206
-172
-155
-171
-158
-136
-110
-77
-51
0
21
4
13
57
83
86
103
100
91
94
120
155
163
158
149
171
194
188
176
186
214
200
204
197
178
192
198
219
207
177
177
187
186
174
163
139
144
136
125
131
104
72
52
58
54
52
41
18
18
-6
-33
-18
-4
-36
-56
-57
-85
-108
-114
-116
-111
-119
-139
-140
-147
-156
-151
-155
-174
-172
-173
-170
-157
-169
-165
-165
-163
-160
-162
-141
-126
-126
-130
-136
-132
-118
-89
-72
-71
-75
-78
-58
-53
-62
-68
-61
-29
-32
-31
-40
-43
-28
-44
-42
-45
-62
-63
-41
-30
-29
-24
-32
-31
-21
-37
-49
-46
-51
-48
-38
-18
-9
8
26
31
40
71
97
110
115
100
117
128
137
145
122
124
132
137
157
157
149
143
164
179
152
155
157
164
180
151
140
135
138
150
150
151
122
106
108
109
104
102
92
74
64
58
54
30
13
14
16
15
-16
-54
-65
-65
-60
-71
-95
-102
-102
-103
-115
-111
-117
-133
-144
-137
-121
-147
-154
-142
-147
-143
-139
-136
-141
-143
-154
-154
-138
-129
-118
-122
-117
-110
-113
-95
-82
-71
-75
-88
-80
-56
-52
-65
-66
-77
-54
-32
-26
-14
-19
-15
-5
21
34
23
17
29
42
38
35
40
43
44
46
42
61
71
78
86
73
77
94
94
106
121
110
108
117
128
138
144
138
119
140
143
145
157
151
161
155
154
141
131
131
110
111
108
83
59
52
48
37
8
-18
-31
-43
-42
-48
-57
-72
-83
-80
-85
-91
-89
-83
-75
-48
-52
-69
-72
-74
-57
-35
-46
-60
-65
-82
-77
-88
-108
-97
-106
-115
-122
-143
-143
-148
-154
-152
-164
-168
-174
-180
-171
-150
-154
-185
-167
-135
-147
-129
-101
-91
-80
-59
-15
10
15
48
84
72
68
101
103
129
152
110
103
121
107
121
126
120
116
95
98
107
103
91
87
95
105
93
73
89
86
80
94
83
98
100
73
113
129
105
119
131
130
133
123
118
123
111
97
86
72
57
66
58
19
-9
-12
-7
-43
-31
-20
-35
-51
-75
-52
-64
-47
-35
-52
-41
-61
-80
-63
-32
-74
-68
-21
-60
-76
-69
-63
-66
-77
-86
-105
-122
-96
-104
-127
-131
-141
-131
-144
-137
-153
-168
-162
-171
-156
-152
-140
-134
-136
-103
-89
-91
-73
-75
-36
3
-21
7
31
45
60
68
95
92
106
137
144
132
120
117
128
136
119
128
108
63
75
87
89
63
44
68
44
26
38
15
8
41
31
14
27
14
-21
40
0
8
43
-77
296
128
-246
169
132
-72
64
97
1
34
6
-1
31
6
51
13
10
23
19
-19
-6
25
-24
-3
-29
-35
6
-46
-33
-20
-46
-24
-51
-41
-39
-82
-68
-56
-67
-68
-84
-92
-74
-92
-71
-103
-105
-69
-123
-73
-84
-142
-36
-110
-132
-3
-129
-90
-48
-80
-55
-84
-64
-75
-28
-74
11
-13
-71
73
0
64
61
34
112
58
88
103
102
124
108
77
164
161
62
90
124
151
111
76
93
135
89
22
102
56
64
101
-72
143
138
-144
68
62
-6
-26
13
116
-147
39
158
-176
46
124
-92
27
58
-84
73
-57
-93
180
-154
-2
44
-115
10
26
-81
-61
101
-200
15
11
-159
38
-115
-97
60
-185
-63
12
-177
9
-72
-166
-49
3
-190
22
-77
-69
-28
-72
-46
-156
112
-263
110
6
-311
200
-85
-251
103
56
-230
85
19
-116
93
-17
-38
96
47
-58
86
137
-135
70
225
-181
148
194
-152
155
130
3
63
72
112
67
5
145
69
43
146
-35
148
85
-13
160
17
23
147
-57
56
115
-107
128
-1
-12
124
-147
169
48
-152
219
1
24
109
-109
228
61
-297
415
24
-353
368
-53
-255
292
-137
-130
248
-258
-4
11
-247
72
-206
-86
27
-299
-37
-119
-182
1
-233
-50
-81
-151
-10
-244
18
-183
-29
-16
-299
258
-187
19
-88
-91
213
-347
263
72
-297
208
4
-195
269
-149
-9
191
-144
71
-28
163
-222
140
118
-177
143
-62
89
-41
-46
142
52
-166
260
87
-241
305
41
-173
297
-10
-140
408
-177
-53
321
-113
14
211
82
-229
308
124
-354
289
58
-203
90
218
-116
-192
461
-85
-303
579
-149
-251
760
-370
-150
708
-484
158
468
-418
315
229
-435
582
-140
-265
574
-579
354
203
-796
533
-49
-709
560
-280
-462
333
-323
-259
-86
47
-521
-101
259
-410
-238
118
-60
-401
76
45
-166
-147
154
-50
-102
-46
186
-165
-162
640
-623
320
234
-593
530
19
-310
260
124
-195
142
15
-12
-140
214
-46
-128
247
-252
154
-82
-43
50
-124
120
-73
76
113
-63
-18
166
47
52
61
192
-9
-146
348
-122
-115
470
-307
49
495
-384
72
199
12
37
-57
240
-75
-207
232
24
-199
211
-68
54
113
-56
66
-106
180
-46
14
135
66
-250
267
134
-525
509
-76
-217
223
-51
-119
-153
174
-152
-196
167
-94
-320
171
-147
-368
303
-304
-42
91
-235
144
-219
-23
109
-54
-159
296
-93
-260
332
-242
222
-40
-164
386
-116
-122
220
-121
-110
172
-155
57
58
-142
43
-57
-55
91
-200
90
47
-192
44
-123
26
-71
-37
130
-165
-126
359
-226
-152
540
-396
32
338
-318
161
107
-191
186
138
-352
365
157
-354
413
-74
-59
215
-76
71
28
85
94
-28
34
116
-82
167
1
-170
246
31
-254
206
178
-368
310
110
-243
208
-56
-99
286
-272
-51
406
-463
52
200
-207
-23
-22
17
-69
-38
170
-373
128
293
-686
340
161
-612
331
82
-510
387
-148
-172
269
-164
112
-26
177
-255
44
339
-496
110
233
-207
-39
-50
199
-76
-347
364
123
-443
200
143
-384
41
117
-56
-107
63
14
-118
-71
-22
187
-259
298
14
-325
464
-493
57
420
-608
278
330
-523
205
-68
-187
458
-373
42
499
-442
-116
505
-149
-118
267
59
-152
60
83
-216
117
62
16
-34
-51
254
-3
-151
251
69
-127
-6
128
44
-128
250
-126
183
81
-349
359
-3
-48
118
-90
47
-62
169
7
-188
171
190
-235
125
246
-338
8
-45
108
-8
-257
330
-101
-350
566
-460
-286
628
-458
28
280
-316
-86
114
-348
213
-100
-183
483
-388
-146
277
-223
-109
294
-262
37
288
-121
-187
-32
165
-230
77
214
-98
-73
168
-158
-328
235
32
-174
279
259
-567
115
249
-629
163
370
-578
259
434
-807
403
135
-615
497
11
-216
279
-126
-21
163
-318
-146
246
-77
118
135
-211
94
11
-123
-15
187
78
-16
136
-294
-41
146
-360
320
161
-241
445
170
-288
27
298
15
-215
290
392
-298
210
394
-535
159
430
-427
399
71
-128
175
-436
86
134
-35
-176
192
84
-324
-34
-78
184
-144
-262
403
1
-525
259
231
-798
9
498
-772
79
585
-559
56
326
-482
-47
262
-141
203
149
-214
139
154
-437
90
253
-343
68
507
-479
-432
747
-193
-411
570
-128
-341
617
-507
-330
647
-701
10
428
-67
280
-201
-113
242
-471
-272
817
-530
-156
915
-416
-600
435
223
-769
421
511
-604
169
477
-690
112
546
-449
237
401
-246
-50
507
-557
-322
727
-174
-118
585
-89
-220
334
-292
-22
316
-95
250
239
-327
156
49
-403
-3
367
-43
-328
583
-192
-274
161
-212
-98
30
130
-210
76
-61
-343
227
-46
-532
335
246
-267
198
-13
-180
-14
52
-136
75
-53
60
143
-432
258
-148
-215
190
102
74
-246
326
-260
-477
386
-263
-217
486
-7
8
326
-396
-41
414
-646
226
430
-520
414
-390
-240
634
-679
1
570
-360
-106
626
-387
-202
607
-344
50
274
-127
194
221
-458
-72
401
-334
89
263
-90
312
-136
-50
171
-347
398
-85
-231
676
-480
126
240
-446
169
148
133
-395
358
103
-451
33
315
-479
-147
825
-845
288
647
-731
336
325
-824
199
557
-740
-20
657
-512
-421
479
-21
-152
340
50
-120
307
-271
-247
46
158
-80
-239
352
-271
8
11
-279
151
-10
84
-265
235
315
-560
-93
93
-70
-83
95
25
-201
251
-234
-184
166
-141
12
-151
478
-217
-575
653
-231
-207
455
-109
-69
375
-101
-164
223
-148
-417
222
350
-502
354
454
-446
21
370
-165
142
134
290
275
-398
106
-69
-225
-66
344
295
-138
-209
469
-45
-767
259
255
-279
161
171
-126
21
-467
505
-5
-534
747
4
-268
193
-205
-651
279
104
-443
613
-92
-542
789
-107
-704
606
275
-423
371
85
-141
-3
-339
297
-277
84
93
29
124
138
198
-475
548
-239
-181
62
-235
294
-374
-186
-101
-88
-99
-24
-168
74
143
-490
279
5
-486
463
73
-483
490
-37
-259
202
-1
-144
-248
246
276
-138
-300
738
-406
-518
972
-295
-753
884
204
-874
765
-24
-563
465
304
-353
387
318
-568
607
31
-663
659
282
-608
264
297
-656
-83
661
-500
-398
737
-241
-117
267
-377
178
607
-705
-265
974
-623
-78
104
-117
155
-311
333
-24
-241
3
392
-403
-199
396
-229
-133
283
60
209
-95
-273
711
-349
-369
579
51
-674
667
345
-848
168
299
-192
-421
743
-401
-372
729
-542
-147
349
-223
-176
622
-568
-234
426
-900
226
292
-717
169
477
-245
-130
147
-42
-140
118
417
-138
-213
497
98
-765
298
223
-502
334
-175
-401
688
252
-739
305
476
-337
298
253
-105
-193
60
333
-682
40
547
-201
-209
-48
305
-60
-259
-52
451
242
-570
378
517
-814
9
771
-724
-591
917
-457
-233
471
-532
258
173
-173
36
412
135
-414
329
348
-672
125
214
-367
98
167
68
-475
304
301
-246
90
410
-60
-213
559
-371
-264
225
-402
-237
518
-310
-368
780
-589
-315
646
-546
-312
534
-358
184
313
-606
391
-97
-478
612
5
-427
654
-178
-586
515
-354
-352
489
110
-353
470
176
-802
698
147
-758
485
642
-863
264
791
-1510
147
1140
-937
-8
779
-430
11
183
37
-55
26
244
64
-225
213
-26
-704
289
220
-715
280
439
-825
444
58
-500
731
-116
-340
346
176
-112
-250
180
233
-355
-242
215
91
-322
309
33
-260
510
246
-410
165
665
-315
-454
421
149
-531
-43
121
-190
81
263
-228
-158
468
-192
-258
339
-152
-336
382
-139
-108
149
-369
296
-57
-175
276
-135
-232
223
-186
-449
326
119
-477
549
258
-636
366
208
-570
121
630
-599
-20
543
-90
-27
-417
223
518
-460
324
525
-647
166
336
-550
83
174
-542
339
258
-642
263
42
-594
644
356
-508
321
186
-384
184
-77
-248
271
-293
-92
323
-235
-439
986
-218
-853
1178
-380
-362
313
-30
-84
-146
282
-254
-193
41
433
-347
-106
711
-55
-506
289
674
-1020
210
672
-553
-2
309
-251
-106
235
-274
94
218
-78
-151
216
77
-770
405
331
-1111
654
254
-1088
701
185
-955
756
49
-450
852
-434
-157
508
-187
31
-58
-265
211
276
-310
-296
183
426
-490
136
764
-855
48
846
-742
67
866
-804
-24
438
-386
29
-255
-102
565
-175
-286
526
-379
67
405
-252
106
206
-109
-183
600
-584
-539
741
-357
-173
187
-77
-7
299
-429
-303
856
-824
59
982
-900
-44
699
-922
166
681
-934
320
279
-293
384
-216
-196
720
-282
-170
658
-373
286
149
-573
346
-246
-525
368
49
-475
108
649
-667
71
466
-824
349
379
-375
281
570
-654
-71
799
-1064
163
868
-716
-142
703
118
-1153
236
611
-564
-21
663
-358
-24
723
-851
192
517
-816
168
818
-846
-238
826
-457
-260
458
-205
210
443
-535
436
115
-537
118
310
-691
5
577
-578
92
252
-260
-25
19
-96
287
-146
-59
474
286
-624
150
266
-537
210
41
-171
117
370
-507
125
109
-523
406
-118
286
-177
-180
523
-277
-628
312
196
-613
524
8
-479
65
524
-460
-388
670
206
-425
16
905
-757
-381
556
-172
-515
-29
658
-152
-289
408
59
-395
-12
431
116
-353
180
40
164
-357
-351
409
-244
-20
75
192
-12
87
245
-192
193
27
63
67
11
178
152
-181
-474
538
-26
-665
384
-120
-87
313
-571
189
275
-728
94
571
-114
-198
595
18
-436
476
-57
-589
520
442
-698
-87
337
-348
-205
-136
24
458
-203
34
123
75
298
-332
51
-67
-183
20
-134
216
-397
79
247
-460
102
10
168
85
124
166
145
-228
16
360
-629
193
355
-354
24
-103
228
-368
-338
470
-358
96
-77
115
348
-673
82
510
-365
-26
397
-113
39
-180
-41
112
-258
-96
459
-50
-220
767
-49
-531
542
365
-975
415
510
-921
609
76
-829
329
384
-613
202
254
-312
589
-29
-130
153
-214
68
107
-558
573
407
-1210
121
1180
-1080
-891
1665
-265
-696
877
108
-821
-213
700
-791
-185
1029
-651
3
507
-603
226
687
-664
-192
1047
-581
-587
634
-159
-770
350
463
-567
419
22
-137
78
103
295
-456
-24
451
-98
-668
583
77
-765
206
239
-64
-255
178
348
182
-336
-105
442
-340
-329
433
-115
-431
296
-153
-103
329
-7
-6
33
-179
336
439
-410
43
41
-50
-351
319
390
-868
492
389
-680
-272
712
-132
-458
647
-191
173
160
-137
-37
-1
112
-293
369
-250
-344
391
-263
-132
-38
94
267
-143
119
339
167
-587
107
288
-360
160
-173
129
-103
-410
339
98
-534
-30
778
-206
-133
514
-217
-289
-82
391
-100
-366
224
67
-264
-321
257
292
-470
130
358
-203
49
323
79
-494
17
367
13
-311
112
305
-177
-190
-9
88
-279
-39
467
-73
-199
518
-265
-448
74
116
122
-169
223
47
-172
-160
54
343
-196
-198
221
66
-208
199
88
-370
320
41
-126
569
-550
-288
902
-642
-258
741
-764
-306
762
-353
-678
652
141
-603
129
242
-24
24
153
-62
266
157
-383
230
116
-638
-25
493
-237
-139
280
-260
-120
371
-253
-101
505
-35
388
-35
-679
477
-107
-584
504
75
-488
453
9
-858
492
252
-563
296
497
15
10
10
-195
151
18
-246
20
205
21
-211
-54
102
-332
-108
428
-154
-74
223
59
-319
-56
176
20
-13
-111
521
-108
-149
306
-57
-499
225
39
-326
585
-265
70
-112
214
-196
-387
488
-135
347
-248
-84
456
-72
-408
-31
190
-130
-38
417
100
-691
144
448
-364
-236
527
-60
-230
246
-387
201
196
-510
-62
477
-16
-197
153
-67
-215
-190
436
-128
-331
571
188
-855
464
496
-851
319
519
-425
-267
539
-128
-454
255
256
-232
-307
475
246
-294
274
-15
-85
-203
-134
279
-385
-118
362
-240
-394
405
-156
-95
239
-26
521
-177
-298
387
-135
-512
194
102
-401
152
262
-306
-40
202
-340
89
546
-509
-29
573
-630
-90
557
43
-373
198
391
-176
294
-251
-448
353
-214
-275
236
181
-241
-205
530
18
-289
184
446
-375
-134
391
-251
-241
-35
127
-377
49
-106
139
403
-542
360
254
-455
400
328
-296
-164
442
-300
-243
555
-618
-71
464
-126
-159
135
67
-327
413
-218
-119
634
-374
89
34
124
292
-450
320
55
-269
228
234
-434
-140
682
-555
-318
219
108
-181
-280
473
77
-108
-62
330
-228
-121
185
-181
238
-174
126
206
-260
-92
194
41
-456
122
488
-398
-466
413
452
-1167
16
1162
-1178
-12
801
-426
-94
151
204
-216
36
195
-83
-138
-57
54
-479
-51
375
-204
-45
487
-183
-100
365
-245
-174
453
143
-509
641
-40
-865
531
-124
-541
408
178
-295
121
134
-202
-234
172
74
58
430
-132
-177
73
8
-78
81
15
240
51
-175
543
-308
-498
519
-180
-562
892
-106
-659
531
20
-413
-5
370
-157
3
309
225
-379
92
453
-651
15
483
-187
-285
387
-354
-337
407
-638
142
337
-181
404
295
-37
-70
331
-450
-299
401
-324
-427
434
174
-597
279
117
-537
354
277
-384
456
264
-523
44
176
-466
-68
516
-43
-61
8
-56
-15
2
-58
-92
57
-107
266
-126
-157
72
-247
23
-114
16
-26
436
114
-174
-3
-70
33
-519
349
125
-374
388
456
-317
-225
342
-137
-138
351
194
-338
231
-85
-271
-29
-236
175
19
64
227
170
-12
-293
155
119
-692
426
405
-452
-6
245
-55
-181
23
-329
551
18
-412
570
9
-460
239
182
-490
21
298
-178
67
57
-248
227
-318
-163
385
30
-43
276
-99
-364
465
-96
-305
456
50
-417
255
529
-559
-88
283
-391
271
-256
-366
332
429
-378
-289
725
-380
-621
425
448
-682
163
727
-659
23
140
-486
372
-67
-626
789
178
-1035
700
223
-905
353
474
-283
-42
390
3
-27
-244
136
130
-378
223
155
74
-171
-336
284
-295
-147
534
27
-127
123
364
-363
-194
362
-21
113
-223
85
369
-377
-158
199
116
-396
-68
523
-318
-131
224
71
-193
-198
67
2
42
5
128
92
-90
-111
431
-72
-217
630
219
-776
210
572
-1155
97
298
-689
-93
304
-252
-87
415
-269
714
159
-306
538
251
-428
-153
461
-725
46
137
-627
435
-241
-516
407
250
-600
147
645
-342
-217
628
198
-251
215
61
-219
-120
217
-290
-53
81
-223
-57
-98
49
-223
458
-79
-357
495
-23
-93
3
266
-119
-135
215
-215
101
-34
-369
298
-30
-293
228
18
179
-86
112
346
-317
51
330
-296
-221
345
-358
-215
306
-163
-145
119
54
156
-119
189
427
-138
314
-199
-8
-42
-289
-10
-274
9
-115
54
-193
176
253
-346
433
485
-420
430
634
-583
-196
225
-284
-441
-59
171
-333
-319
313
-172
-185
284
-26
87
446
-93
92
233
-193
-18
-53
-266
192
58
-563
487
60
-795
375
408
-825
233
826
-842
241
653
-718
482
364
-1046
309
524
-768
66
501
-498
-10
396
-246
125
85
15
-33
137
260
-621
309
387
-710
125
288
-356
124
374
-558
184
355
-283
248
-309
131
211
-290
-22
124
154
-385
3
347
-160
-137
225
111
-98
31
-14
158
-143
-184
362
124
-261
137
265
-509
-28
178
-207
-74
154
103
-126
136
-123
96
-56
-281
392
-20
-179
305
-65
-167
109
-58
-142
-56
-94
126
-17
-156
562
-443
-449
796
-45
-385
133
209
-189
-90
38
-38
-201
-117
404
-268
-100
646
-311
-124
464
-441
-238
508
-62
-385
328
191
-548
-225
641
-154
-651
622
194
-437
251
266
-618
140
312
-759
547
220
-648
657
17
-972
677
416
-756
468
394
-338
20
147
-195
216
83
-321
202
96
-146
-104
137
-116
44
54
-246
384
-6
-221
275
-57
-128
162
-126
-71
262
-130
-198
329
65
-187
109
-32
-98
41
-85
-54
214
-48
-288
279
62
-642
429
399
-709
228
525
-526
-97
319
-100
-4
-155
126
330
-391
-197
509
-199
-539
489
175
-511
270
297
-245
23
44
-53
94
-83
-89
100
-1
-112
219
10
-298
143
-98
-188
248
69
-259
109
97
-136
-69
171
50
-57
64
-156
286
-193
-220
265
8
-272
50
482
-639
-41
547
-529
-130
339
100
-368
80
452
-224
-30
138
133
-237
-20
170
-209
119
4
-16
-149
16
27
-247
241
179
-71
86
12
-191
245
12
-352
316
136
-268
163
-36
33
336
-432
-33
337
-144
-291
152
70
-426
107
177
-103
215
299
-117
-94
-7
15
-72
-111
99
28
62
146
-212
-39
112
-243
29
174
-64
-35
85
-120
-54
51
123
49
-210
198
34
-527
304
236
-554
357
234
-396
89
263
-173
-30
197
-260
64
-5
-115
133
-226
211
82
-391
282
75
-170
144
158
22
43
-41
-73
75
-215
-22
-32
-27
-183
181
186
-397
162
277
-256
-54
377
-175
50
37
-169
41
-158
101
103
-159
45
353
-339
-246
419
-77
-169
162
175
-223
-70
210
-95
-127
41
90
-149
-26
224
132
-182
-60
378
-216
-120
272
-40
-8
26
-55
6
-4
-166
141
-144
-88
361
-188
-94
218
-101
20
-31
26
199
-194
45
46
-235
-99
145
-177
-141
410
-127
-231
242
-14
-61
-40
-20
117
-120
-42
125
50
-294
196
138
-485
231
359
-229
-121
249
-57
-252
33
-57
94
-120
-252
404
-230
-154
482
-124
-151
355
97
-78
11
20
94
-70
-193
-60
277
-250
-200
280
-29
-183
-16
158
49
-62
34
250
-152
29
239
-251
83
0
-195
104
34
-84
193
41
-68
120
-177
-37
9
77
-43
-36
251
-170
-101
188
167
-178
-76
199
-107
-70
187
-58
-168
165
-64
51
16
-223
418
-134
-584
479
183
-496
324
341
-495
99
254
-445
-48
264
-195
-188
215
108
-125
-42
136
0
96
-16
-131
203
-133
-175
226
-57
-304
318
106
-664
258
321
-533
143
328
-206
4
249
-318
42
237
-308
19
248
-152
-214
318
-166
-258
313
-103
-229
148
92
-131
18
152
-29
57
102
-12
-246
152
126
-319
192
114
-106
102
-149
-119
326
-284
-76
413
-238
17
249
-245
-110
353
-304
-80
367
-266
21
139
-111
-79
64
184
-36
-84
212
-144
-85
134
-146
96
141
-74
2
140
-98
-43
-11
30
20
-139
190
98
-328
241
148
-503
333
46
-418
282
236
-434
116
515
-523
30
423
-426
-58
391
-255
-195
453
-315
-366
557
-317
-349
559
-55
-158
400
150
-341
76
224
-418
-82
406
-232
-256
400
-211
-217
279
-89
69
170
-23
-21
-23
-73
-109
-19
9
-6
153
-7
-38
75
-72
-51
21
-16
-19
155
-22
-157
200
-46
-212
177
-4
-212
163
123
-238
128
88
-177
11
-26
74
110
-135
18
106
-132
-291
147
205
-470
227
388
-497
64
524
-461
-170
657
-484
-122
666
-450
-119
464
-228
-331
293
103
-317
129
237
-107
-205
276
20
