-23
-46
-70
-63
8
39
-37
-15
-48
-130
-35
-36
-83
-9
-2
-14
-21
1
-19
-19
-1
-89
-3
29
-63
-18
0
-69
13
101
44
29
-8
3
-8
-7
63
-15
-30
40
-2
36
98
-6
8
80
-32
33
69
-68
12
-49
-5
67
-27
65
-11
-6
47
0
-53
-94
40
64
71
-8
-58
-3
-42
40
43
25
13
26
10
-18
-1
-54
37
-23
8
32
-89
34
11
-3
24
-11
26
54
69
30
24
-2
-53
-10
-14
-28
-3
-9
-10
-45
-12
35
7
72
22
5
80
37
-4
-8
-4
-4
71
-9
-70
11
-3
-24
49
-69
-61
65
-150
51
39
-155
59
-22
-36
1
20
16
-73
33
9
-74
55
23
-16
93
-76
-43
37
-120
6
1
-57
40
-31
-63
-6
-2
12
48
85
-28
21
86
-112
60
32
-123
74
16
8
68
-26
-22
-33
-31
64
-23
20
14
-58
75
-103
-31
97
-61
-3
54
-77
-52
17
-119
51
49
-50
73
-62
-1
60
-86
11
26
-23
101
-7
-16
92
-69
-40
-14
19
38
-11
63
-24
-5
53
1
-29
13
-43
-47
95
-71
20
162
-115
9
112
-38
50
102
37
-25
94
20
-97
101
-66
-57
94
-26
-22
1
33
-65
-7
-30
-72
75
-35
-53
60
-24
-11
91
-67
-72
75
-9
-88
-32
-54
-57
65
3
-113
111
51
-66
119
0
-59
2
2
-42
53
112
-7
99
-16
-90
39
-52
18
-73
-24
2
-134
111
-59
-38
83
-92
7
28
0
17
33
63
77
34
8
-23
-39
81
37
22
60
-140
-167
-76
-138
-66
40
2
-43
7
13
-81
35
147
39
-9
48
-47
-82
4
-63
-26
49
-18
17
20
20
91
-39
-1
-31
-31
-5
-48
39
9
37
-25
4
1
86
55
36
176
-65
21
-19
-114
107
-63
16
145
-67
60
52
-50
108
15
12
22
59
-11
-130
106
-94
-48
144
-72
71
123
-126
12
0
-44
127
9
-18
-6
-12
-70
-15
5
37
-46
-48
13
-150
131
-46
-97
160
-112
-19
37
-60
45
37
-58
-72
-37
-86
-29
-10
-83
-62
-1
-75
-36
99
-52
83
157
-74
57
17
-74
44
-34
-28
44
-34
-56
58
-14
-84
44
-84
-91
68
-2
-17
12
46
-8
70
13
-38
64
-20
-24
-22
92
61
55
138
9
-2
16
-92
43
78
-44
-51
-29
34
-31
-34
-40
-30
49
4
-48
24
-95
-44
15
-68
132
-15
-69
117
-56
24
62
-122
42
-2
-2
67
-63
15
-17
-77
4
-9
-3
71
-10
12
10
-92
34
-47
37
5
-5
222
-74
64
8
-117
114
-103
-43
28
-6
21
49
-23
-34
81
4
99
93
-39
74
32
-29
47
-52
-101
-48
-104
-99
33
-24
60
-44
-66
208
-56
66
130
-85
145
-27
-21
70
-80
60
-83
-70
29
31
52
-31
49
-141
39
126
-186
232
-61
-155
194
-231
120
-48
-77
205
-246
123
-26
-145
201
-115
6
69
-201
78
-62
-45
122
-213
57
65
-158
172
111
-168
179
66
-188
132
-75
-177
190
-13
-85
121
-60
81
19
-71
-18
-122
149
-91
36
101
-296
165
-53
-59
266
-13
11
-4
-40
-82
65
22
-183
130
-58
-75
164
-171
-7
93
-3
-78
-7
50
-116
76
15
54
18
-11
24
-147
127
-38
-63
145
-83
96
-9
-67
183
-109
-79
120
11
27
5
-81
-100
27
-81
-82
200
52
-70
38
-39
-20
41
-47
-20
9
47
-79
-9
9
-143
18
23
-2
47
118
-114
-84
14
-165
135
-18
5
174
-209
114
52
-154
154
-95
14
165
-86
43
71
-4
9
-59
-36
89
-2
83
26
-173
123
-61
-70
104
-87
51
138
76
39
-72
10
-1
-25
105
-54
-85
76
-37
-111
139
-43
-57
172
-74
32
-5
-53
76
-109
10
71
26
65
-8
10
-5
-42
4
35
-72
44
103
-8
151
-18
-127
-5
-46
-26
40
19
-65
49
69
-19
-23
-26
-34
70
5
6
65
-91
19
-58
-137
-48
1
68
-107
-35
13
-201
103
54
-128
185
-54
-43
133
-208
28
120
-151
140
-133
-19
167
-220
264
-128
-154
291
-321
81
81
-254
249
-59
-125
244
-62
-65
114
-62
-51
19
0
9
27
-93
46
25
-12
114
-157
57
16
-34
-34
-110
123
-128
62
107
-55
62
-95
7
-84
-26
45
-114
127
-57
-19
-44
-78
171
-111
111
61
-99
206
-32
30
31
-48
150
-142
39
118
-238
35
183
-181
129
111
-288
236
8
-218
251
-93
-44
202
-232
58
109
-103
57
-66
28
57
-55
8
12
36
109
23
-119
-5
-34
-73
27
-96
85
-23
-95
97
14
-14
66
81
-52
133
1
-4
109
-126
115
65
-30
43
-32
63
-59
-9
88
-154
38
16
-193
134
-146
21
111
-193
185
-191
62
103
-143
230
-108
35
-21
-174
112
16
-93
155
-41
-162
185
-218
4
115
-140
12
-26
52
-108
98
-88
-57
188
-129
187
25
-49
132
-139
71
-59
-38
79
-90
159
-90
25
65
-208
196
-74
-3
205
-175
72
-39
-70
92
-146
55
-37
-54
86
-160
-27
9
65
-36
46
99
-135
-16
-30
5
-81
49
52
-122
157
-55
-153
171
-48
28
175
-110
112
-9
-57
73
-189
108
-84
23
38
-97
144
-128
44
-43
-26
85
-73
49
-99
-28
39
-105
193
-42
-131
199
-80
-16
140
-44
-50
102
-141
2
183
-164
22
-14
-32
16
74
-47
-10
64
-83
123
-139
121
62
-118
201
-161
74
18
-165
257
-119
18
93
-111
53
4
32
5
109
-88
8
55
-175
120
24
-100
209
-61
-33
133
-182
72
-107
-128
91
-121
99
123
-95
42
64
-46
53
92
-37
24
-15
-173
51
-100
-41
133
-47
84
77
-36
62
-137
-95
84
-127
4
-36
11
97
-80
3
19
-94
80
91
-28
126
-175
-34
36
-129
167
-44
85
43
-58
50
-67
26
-56
42
-39
-15
84
-110
10
95
-129
-11
24
-130
168
-77
-9
114
-181
147
0
62
126
-147
106
-21
-97
80
-75
-102
33
-137
140
13
-133
266
-257
64
42
-213
286
-143
-33
184
-140
125
90
-167
218
-126
-29
191
-275
116
40
-209
189
28
-167
275
-170
-31
272
-306
190
-68
-81
176
-226
198
-82
-148
282
-214
-3
273
-328
107
119
-303
356
-117
-75
206
-298
185
42
-55
1
28
-37
-43
174
-245
106
-22
-50
137
-138
99
-131
63
7
-25
234
-204
32
50
-245
117
-95
-39
110
-159
176
-48
44
35
-115
277
-115
4
36
-168
124
-161
3
152
-272
90
-16
-95
170
-54
16
60
-46
22
139
-160
146
-86
2
156
-179
215
-247
136
64
-164
231
-103
-67
145
15
-178
160
-146
-156
147
-152
75
-23
-94
173
-88
8
123
-99
48
88
-101
-19
44
-112
91
64
-86
122
10
-65
99
4
-70
32
-29
73
-101
-49
179
-169
74
-4
-192
220
-4
-168
137
-124
-60
148
-134
34
32
-34
50
-46
-73
96
-85
16
25
-151
216
-93
-12
83
-136
6
96
-34
-43
91
-93
85
-47
-10
148
-134
142
45
-88
123
-63
-49
142
-62
-53
283
-150
19
114
-263
223
-226
-68
357
-295
114
138
-289
154
15
-40
214
-250
2
73
-125
107
-44
134
-143
118
112
-291
298
-166
4
157
-271
171
-104
-112
122
-40
47
-190
75
150
-289
216
-119
-86
99
-168
307
-179
136
65
-167
298
-316
136
72
-236
198
-188
40
20
-177
190
-127
45
112
-142
250
-175
57
122
-222
147
-69
10
-70
79
2
-93
68
105
-113
1
186
-272
343
-231
-88
319
-319
176
14
-105
50
-61
-124
140
-77
14
88
-32
147
-291
179
-31
-168
317
-228
22
233
-255
206
32
-99
146
-120
10
-114
138
-14
-193
104
-50
-95
176
-91
-34
224
-231
273
-107
-184
304
-234
17
12
-48
-32
70
93
-69
89
1
-83
97
40
-135
170
-132
-92
156
-301
70
69
-151
179
6
17
67
33
82
-130
76
80
-234
120
89
-256
277
24
-300
405
-225
-55
368
-373
204
67
-252
104
-106
202
-86
-101
205
-272
145
1
-192
131
-95
-53
-14
-65
-55
143
-119
56
189
-212
189
-140
-21
109
-180
171
-169
-78
279
-200
20
234
-250
217
-29
-65
62
-83
91
-148
207
-252
180
102
-294
407
-340
215
57
-369
477
-305
100
216
-338
458
-236
-123
443
-462
239
61
-399
329
-240
8
169
-113
108
-30
51
-95
-87
148
-68
-35
214
-23
-51
74
9
-161
104
14
-196
286
-192
-53
193
-209
150
-21
-141
202
-139
-10
124
-245
157
15
-163
216
-214
-93
264
-241
100
136
-257
126
-23
-57
69
-23
-35
-21
32
-45
-27
-67
121
-101
100
74
-368
281
-142
-57
237
-296
224
-58
-149
282
-233
124
8
-116
257
-256
171
-115
-41
234
-352
370
-194
-16
301
-359
292
-30
-100
61
-142
164
-132
13
209
-288
95
144
-199
181
19
-136
239
-57
-61
74
-91
5
-1
66
-164
71
143
-145
120
92
-305
154
9
-216
276
-124
10
74
-41
-27
-66
-71
-49
111
-47
140
54
-123
257
-188
12
103
-337
380
-160
-8
211
-324
220
-150
-33
143
-95
179
42
-97
36
-91
-199
223
-37
-49
278
-165
23
12
-236
84
2
-48
203
-157
127
-5
-201
306
-347
168
19
-227
478
-357
65
57
-295
335
-326
158
179
-364
392
-274
-39
271
-307
316
56
-123
153
-127
-104
99
-108
-85
129
-43
-109
160
-155
-97
291
-319
276
-60
-119
287
-474
440
-233
-81
307
-483
564
-351
-89
517
-683
398
3
-340
480
-269
39
157
-216
-7
103
-45
30
149
-184
-33
19
-154
112
38
65
103
-88
-9
5
5
96
74
-89
160
-169
22
219
-389
181
-22
-191
346
-316
10
300
-381
295
0
-212
229
-250
140
-23
-110
130
-153
24
-11
14
6
84
25
-77
155
-208
188
77
-284
295
-204
31
129
-205
254
-46
-194
153
-75
-87
89
62
45
50
32
-125
32
23
67
-38
26
61
-116
132
-173
-61
76
-140
73
24
29
122
-67
50
-33
-91
113
-196
101
33
-87
180
-175
115
11
-123
130
-121
82
-48
-104
118
-84
133
-96
69
134
-176
210
-187
-68
137
-79
95
31
-101
47
43
-101
91
-95
23
11
-141
191
-165
-70
193
-145
132
1
-46
123
-163
101
-101
-58
123
-107
72
-31
30
-63
-29
79
-172
55
-25
-52
89
-212
178
95
-192
299
-95
-19
100
-176
186
-54
-23
16
-74
29
-1
88
-157
113
-30
12
130
-234
264
-142
-35
82
-57
200
-209
180
34
-103
226
-180
-96
87
-83
98
-49
-49
93
-183
69
-8
0
102
-183
205
-104
-37
164
-205
127
-130
103
208
-301
47
33
-142
137
-80
-32
134
-90
17
-29
44
28
-81
102
-77
90
24
-198
170
-143
19
99
-169
147
-33
-85
134
64
-202
44
110
-140
94
93
-187
124
77
-243
237
-106
-102
201
-251
101
-84
-99
256
-239
152
118
-230
196
-18
-128
123
34
-148
-5
108
-54
35
89
0
4
-18
103
-47
-74
119
-177
96
77
-217
240
-107
-75
265
-223
54
55
-182
87
-90
54
-15
-29
70
-109
146
-95
5
11
-117
154
-98
27
0
-60
165
-77
-58
134
-132
57
96
-109
101
-64
-30
13
-14
38
16
50
-63
66
-30
-50
151
-149
69
-17
-125
276
-96
27
139
-127
159
-41
-62
22
-189
72
23
-66
0
11
-9
108
17
-61
81
-170
53
25
-177
109
2
-64
71
5
47
-79
-50
67
-190
117
-12
-122
159
-119
3
16
-15
35
-61
45
-11
-42
21
-49
19
25
32
20
-20
-14
-69
170
-115
75
45
-268
270
-253
78
199
-196
262
-178
81
57
-189
215
-124
49
63
-119
125
-103
65
1
-167
203
-65
17
88
-95
102
-85
16
44
-69
-5
68
-33
-50
74
-102
23
-54
-46
103
-11
84
-11
27
71
-82
47
-44
-37
52
-105
66
-53
-81
80
-75
96
-29
56
13
-84
103
-60
157
-64
-6
187
-191
5
68
-185
34
41
-63
105
-94
14
-1
-105
84
-119
39
28
-99
34
-37
-47
69
53
-73
78
-43
28
7
-50
35
-74
141
-68
-6
27
-113
83
28
-46
52
-13
-26
157
-104
94
63
-134
140
-100
47
33
-109
114
-23
7
48
-39
-19
69
41
-23
93
-113
-15
164
-130
91
3
-127
125
-104
11
68
-112
37
-32
-85
115
-49
24
13
-168
147
-103
-29
118
-227
89
50
-137
138
-12
-97
34
-41
-78
82
-56
-83
153
-114
105
35
-204
142
-91
20
146
-112
73
-1
-84
112
82
-80
48
70
-20
58
-113
34
-39
-18
146
-117
32
6
-42
54
15
3
-67
42
-134
84
69
-263
284
-120
-162
308
-117
24
147
-273
131
70
-224
203
-110
-1
107
-102
116
5
-96
135
-42
-16
57
-103
139
-133
-35
243
-312
185
61
-269
386
-274
92
286
-406
287
14
-237
221
-120
-103
121
42
-27
68
-114
-60
24
-22
107
-133
153
-7
-167
188
-92
1
43
-61
105
-77
22
29
-123
78
-59
35
57
-91
53
-36
97
-4
-70
0
-124
57
-17
-25
58
-32
33
42
-54
35
106
-29
-22
15
-83
-18
62
-39
23
24
-28
30
-16
-99
-41
43
-32
18
-41
0
-75
26
105
-92
123
-166
35
70
-177
186
-119
-36
103
-119
38
-21
1
37
-84
119
64
-76
26
-85
24
79
-34
77
-23
-48
37
-32
88
2
17
69
-127
66
3
-41
34
-36
-20
29
7
-38
137
-43
-18
72
-158
42
7
-76
167
-23
7
73
-165
80
107
-16
58
-50
-47
-8
-44
32
49
31
-10
-17
108
-18
-83
21
-29
0
125
-96
-52
126
-200
121
63
-177
125
-66
-55
70
-36
-67
-39
-46
9
3
-23
110
11
-7
5
-35
11
-86
-43
-24
-50
5
5
-7
-52
-25
5
-17
22
15
11
-36
6
39
-58
29
-14
3
59
-68
13
39
-95
-6
58
-83
106
49
-194
159
66
-117
190
-34
-44
212
-85
-11
91
-89
44
-85
40
114
-85
82
-35
-25
49
38
-32
-22
55
0
60
-14
37
-32
-40
40
-66
84
-20
-89
57
-9
55
-66
67
157
-94
145
-9
-36
89
-53
81
-79
52
62
-211
61
15
-123
152
-84
-94
89
-157
15
49
-41
-11
10
-28
-63
59
-10
-65
21
24
-73
6
8
-74
16
53
-56
-39
79
-66
39
114
-151
45
-40
-122
112
-111
21
67
-122
6
29
-53
8
93
-50
-62
-13
9
-45
-21
47
-109
26
105
-41
53
-49
-24
90
-99
71
30
-78
84
-34
52
55
-44
50
-7
17
46
29
64
7
-34
92
-54
-44
125
-90
57
89
-105
-15
61
-65
-106
170
-22
-129
168
-25
-107
102
-18
-75
94
65
-10
37
-13
18
15
-40
68
-3
80
-46
28
33
-202
160
-138
-7
134
-169
112
-97
69
-15
-155
179
-166
18
121
-219
-8
1
-22
100
-52
-15
21
-29
-19
17
12
-152
58
26
-87
169
-33
-52
70
-54
0
-7
-92
85
-37
-90
104
-160
14
94
-25
85
-32
41
-15
-102
30
86
-91
51
105
-159
196
-54
-55
211
-292
135
102
-244
200
-12
-88
77
7
65
37
11
54
-13
-10
62
-88
-2
121
-27
-30
117
-63
-106
103
-48
-49
19
27
-50
-88
56
-76
-32
76
24
8
30
-14
-104
125
-57
-75
157
-94
-30
90
-102
-54
90
-52
-39
34
58
62
20
-28
-19
35
-19
-43
94
31
-107
111
-77
-69
110
-207
120
26
-267
260
-118
-91
237
-220
114
-3
-15
208
-248
73
-4
-114
221
-111
-89
82
20
-26
-69
49
9
-65
150
56
-172
213
-45
-149
262
-187
-23
123
-99
52
-110
16
33
-53
24
-43
107
-74
-60
94
-137
49
23
-33
56
-95
62
-55
5
109
-177
81
47
-74
91
-47
-6
87
-46
14
-6
-82
114
-5
-24
37
-53
-9
-29
49
-15
-16
24
-52
-96
-23
59
-130
105
71
-100
127
-21
11
74
17
18
-69
116
-5
-62
165
-39
-15
69
-79
-11
42
-62
-39
16
11
11
27
-23
14
88
-81
23
155
-125
-81
162
-83
-52
48
-132
49
31
22
47
-142
63
-55
-97
175
-151
45
137
-75
68
-37
-41
-42
-56
52
27
-142
141
-53
-172
213
-244
-12
175
-172
115
95
-104
-6
159
-158
2
267
-245
94
43
-205
71
-128
169
3
-272
287
-84
-144
252
-194
10
183
14
57
13
9
-77
100
78
-187
-25
80
31
-25
-106
49
-8
-119
135
85
-218
89
173
-170
69
-4
-106
182
-25
-100
21
-42
-3
-20
-117
75
39
-119
110
30
-122
115
53
-189
58
51
-74
95
35
-188
86
101
-133
190
-176
-16
214
-204
170
-126
-119
344
-171
-20
249
-235
-54
163
-182
43
122
-218
95
106
-329
75
215
-208
7
70
-117
-4
-45
-75
-18
-39
76
58
8
34
-152
34
87
-152
114
6
-41
226
-139
-44
166
-191
87
161
-94
15
52
4
-65
162
24
-26
162
18
94
-9
16
153
-22
-7
118
81
49
37
9
44
73
78
-29
-16
41
-34
71
122
-49
18
195
-40
-45
120
-90
-2
170
-48
21
157
-37
-76
-36
2
-6
20
49
-31
2
-110
-40
43
-199
16
88
-143
19
-163
-231
-99
-212
60
-67
-213
53
-240
-289
-94
-173
-32
-66
-61
-157
-278
58
-236
-283
147
-185
-197
2
-88
-103
-171
-97
-34
-157
-41
129
-142
-86
-20
-170
11
-7
-112
-76
137
75
-39
104
-85
-95
100
167
157
89
148
135
83
115
164
240
295
333
414
379
296
356
382
456
538
491
489
462
360
335
306
331
382
342
324
240
170
80
-12
-12
-19
25
0
-37
-36
-154
-265
-280
-245
-151
-166
-203
-188
-294
-376
-378
-329
-254
-177
-220
-257
-287
-349
-353
-480
-398
-254
-217
-223
-358
-379
-456
-532
-406
-233
-331
-322
-159
-466
-408
-251
-456
-276
-119
-112
-282
-268
-91
-412
-306
3
-172
-74
-67
-324
-244
-154
-118
-70
-116
-147
-101
39
130
324
430
528
688
474
522
743
857
1111
1110
1084
1064
1032
1161
1154
1016
955
1008
961
903
758
505
413
273
170
122
-17
-144
-368
-617
-659
-628
-648
-614
-708
-899
-855
-829
-837
-752
-758
-584
-407
-295
-169
-263
-141
36
141
377
412
437
507
526
597
650
618
544
515
428
333
223
124
17
-117
-159
-245
-310
-417
-630
-743
-786
-811
-780
-783
-871
-855
-834
-836
-683
-667
-712
-593
-549
-434
-316
-317
-271
-322
-226
-149
-111
19
-18
-42
-134
-195
-90
-64
-92
-110
-169
-101
-116
-198
-199
-302
-99
117
380
820
696
504
342
260
791
1252
1450
1507
1167
978
1115
1208
1387
1410
1183
1105
1102
1025
842
543
334
261
194
183
121
-198
-540
-826
-941
-680
-517
-626
-826
-1066
-1080
-842
-701
-729
-778
-854
-706
-403
-306
-189
-184
-258
31
296
456
573
403
329
438
551
721
750
639
523
364
336
362
184
45
-2
-90
-86
-205
-467
-581
-649
-621
-500
-555
-627
-679
-831
-751
-606
-626
-615
-681
-660
-551
-487
-386
-415
-481
-407
-314
-214
-157
-189
-323
-338
-172
-209
-111
-116
-297
-199
-282
-207
-100
-214
-218
-312
-150
248
762
1080
808
373
38
401
1215
1681
1783
1303
855
968
1217
1531
1579
1284
1144
1069
999
942
630
310
186
141
222
200
-112
-492
-913
-1149
-846
-535
-528
-787
-1207
-1279
-1068
-746
-639
-790
-890
-833
-365
-101
-109
-65
-240
-100
342
599
755
615
354
434
674
874
978
761
468
345
311
404
386
155
-24
-109
-171
-206
-399
-659
-739
-671
-565
-525
-623
-822
-922
-843
-585
-415
-480
-657
-793
-755
-596
-389
-360
-460
-514
-477
-369
-287
-192
-258
-434
-368
-310
-311
-212
-389
-436
-327
-338
-238
-335
-388
-363
-319
-68
291
964
1118
764
485
251
815
1586
1959
1988
1369
1036
1260
1496
1819
1837
1493
1318
1206
1007
866
593
382
363
221
190
53
-349
-710
-1083
-1091
-708
-486
-642
-1019
-1395
-1461
-990
-692
-694
-710
-912
-797
-472
-297
-83
-135
-139
223
455
685
706
377
338
613
899
1006
805
464
255
235
379
468
285
-45
-269
-339
-317
-349
-625
-782
-743
-700
-607
-635
-771
-898
-908
-749
-551
-475
-602
-762
-756
-577
-334
-263
-372
-479
-558
-436
-189
-128
-190
-315
-434
-423
-387
-310
-285
-451
-488
-420
-380
-316
-362
-495
-525
-260
396
1196
1344
879
224
-79
887
1997
2407
2290
1398
963
1296
1694
2164
2106
1647
1437
1247
1054
906
572
383
354
273
257
63
-447
-1031
-1371
-1231
-686
-397
-726
-1318
-1867
-1807
-1154
-695
-647
-873
-1115
-999
-605
-276
-70
-98
-145
193
608
822
741
466
401
694
1125
1248
989
600
336
312
515
616
381
33
-337
-417
-286
-328
-534
-783
-792
-692
-672
-689
-853
-1006
-940
-713
-512
-494
-698
-900
-825
-557
-298
-242
-342
-523
-602
-439
-283
-205
-226
-372
-453
-415
-413
-412
-479
-436
-299
-393
-428
-505
-591
-576
-452
-256
377
1395
1454
941
115
-168
1105
2225
2784
2489
1310
926
1279
1807
2415
2290
1700
1502
1242
916
776
474
444
513
262
167
-125
-723
-1164
-1501
-1283
-623
-416
-885
-1633
-2105
-1917
-1063
-553
-678
-902
-1187
-976
-497
-223
41
7
-2
387
752
917
869
621
578
944
1253
1324
1067
534
315
437
615
690
367
-159
-460
-475
-357
-379
-577
-822
-914
-824
-811
-854
-962
-1024
-920
-763
-576
-577
-829
-955
-740
-480
-257
-216
-504
-583
-565
-456
-213
-156
-196
-391
-461
-455
-370
-406
-529
-431
-535
-440
-459
-685
-561
-639
-518
-293
-40
1028
1477
1097
416
-354
589
2120
2821
2893
1733
870
1255
1801
2514
2645
1929
1667
1433
1028
938
595
532
706
380
168
-115
-682
-1062
-1423
-1381
-808
-540
-872
-1641
-2181
-2142
-1486
-579
-567
-858
-1183
-1424
-773
-215
62
241
21
147
593
778
937
904
755
1039
1288
1324
1201
644
309
421
624
774
473
-91
-516
-597
-401
-352
-423
-736
-1024
-1008
-981
-846
-789
-907
-876
-742
-666
-632
-764
-883
-741
-482
-149
-89
-359
-553
-636
-522
-172
21
-108
-378
-582
-578
-492
-344
-269
-407
-514
-631
-761
-609
-534
-571
-511
-564
-460
288
1288
1561
1125
115
-169
1134
2413
3163
2770
1372
972
1395
2082
2879
2603
1817
1539
1176
1007
1021
668
641
597
161
-104
-479
-972
-1336
-1569
-1330
-796
-694
-1301
-2094
-2387
-2023
-1146
-482
-640
-1027
-1418
-1417
-634
11
351
428
216
351
722
870
1005
1120
1078
1313
1495
1326
1095
668
482
710
826
770
356
-332
-617
-560
-450
-319
-531
-988
-1232
-1233
-1094
-906
-920
-1052
-1022
-952
-840
-827
-887
-874
-709
-418
-294
-241
-394
-610
-577
-409
-117
9
-205
-447
-501
-427
-299
-345
-454
-440
-543
-596
-585
-661
-640
-599
-651
-481
-312
34
1136
1556
1206
460
-280
840
2420
3113
2998
1640
813
1398
2102
2824
2916
2021
1552
1217
862
903
716
739
772
240
-258
-670
-1037
-1231
-1442
-1400
-958
-797
-1259
-2050
-2523
-2123
-1300
-486
-357
-967
-1296
-1412
-894
130
563
745
639
343
622
952
1105
1400
1393
1354
1588
1371
1051
813
454
625
878
716
344
-301
-765
-711
-496
-376
-571
-1072
-1385
-1393
-1217
-1004
-932
-968
-1058
-1020
-876
-805
-807
-839
-714
-416
-240
-264
-420
-531
-482
-298
-131
-16
-84
-414
-502
-496
-371
-256
-457
-419
-514
-566
-620
-817
-729
-667
-526
-593
-590
-568
234
1656
1759
1189
-66
-377
1345
2867
3667
2885
1138
843
1568
2484
3282
2732
1734
1393
929
841
956
742
807
452
-285
-587
-843
-1123
-1411
-1714
-1497
-965
-928
-1593
-2463
-2658
-1960
-883
-216
-484
-1077
-1451
-1272
-374
492
914
987
734
658
910
1145
1458
1632
1570
1651
1592
1230
938
656
594
865
797
389
-179
-794
-950
-809
-696
-665
-943
-1360
-1554
-1536
-1321
-1061
-992
-1022
-1040
-1016
-887
-829
-861
-683
-400
-192
-155
-307
-333
-346
-275
-69
69
60
-290
-482
-441
-327
-283
-459
-494
-574
-668
-671
-770
-886
-934
-917
-767
-583
-542
-560
241
1503
1888
1473
246
-85
1444
2943
3794
3218
1583
1146
1653
2448
3349
2938
2020
1598
945
804
874
575
614
255
-471
-767
-991
-1268
-1594
-1978
-1834
-1224
-999
-1602
-2438
-2660
-2114
-928
-212
-395
-809
-1259
-998
-32
798
1270
1151
785
832
1136
1474
1739
1659
1585
1626
1480
1288
896
467
308
328
370
90
-440
-1084
-1457
-1261
-1032
-946
-1100
-1490
-1657
-1622
-1423
-1060
-897
-879
-860
-838
-634
-565
-606
-465
-277
-3
82
-12
-90
-260
-242
-93
49
86
-187
-374
-506
-590
-487
-540
-644
-652
-771
-860
-825
-960
-943
-945
-858
-700
-692
-573
14
1593
2319
2025
928
-326
874
2874
4157
4212
2354
1110
1564
2312
3194
3289
2209
1641
1189
623
592
319
111
32
-525
-956
-1125
-1440
-1946
-2439
-2389
-1729
-1089
-1233
-2178
-2777
-2432
-1334
-177
-50
-463
-710
-669
58
871
1191
1342
1349
1290
1510
1671
1610
1583
1462
1417
1538
1372
901
444
37
-125
-45
-156
-492
-1002
-1489
-1522
-1360
-1296
-1303
-1438
-1508
-1457
-1304
-1087
-993
-885
-791
-595
-292
-217
-263
-373
-281
75
273
293
204
-7
-188
-176
-113
0
-38
-345
-491
-659
-714
-696
-921
-892
-907
-996
-839
-986
-1078
-1082
-1137
-724
-672
-550
-383
327
2155
2576
2054
700
-209
1504
3435
4507
4100
2175
1175
1565
2371
3265
3112
2082
1460
769
415
371
-45
-153
-398
-936
-1122
-1269
-1668
-2236
-2747
-2533
-1559
-871
-1101
-2036
-2568
-2026
-973
59
232
-107
-133
-35
543
1144
1336
1563
1529
1509
1802
1756
1532
1387
1172
1222
1242
919
539
51
-429
-607
-605
-668
-891
-1323
-1612
-1526
-1457
-1505
-1541
-1531
-1323
-1050
-953
-878
-799
-770
-531
-80
208
163
-83
-243
-57
227
348
319
99
-155
-267
-325
-280
-268
-420
-549
-770
-796
-900
-1146
-1038
-1104
-1054
-890
-995
-908
-983
-1226
-980
-701
-607
-192
-214
632
2431
2658
2463
1143
74
1694
3241
4515
4534
2482
1459
1542
2016
3130
2932
1909
1540
680
237
184
-437
-494
-722
-1145
-1051
-1233
-1635
-2199
-2879
-2731
-1737
-910
-825
-1495
-2078
-1953
-1149
-40
418
358
189
97
583
1190
1496
1602
1440
1413
1683
1733
1650
1440
956
746
747
691
608
93
-553
-869
-1031
-1050
-986
-1086
-1370
-1568
-1692
-1657
-1480
-1381
-1178
-1037
-894
-657
-601
-503
-381
-181
68
146
200
117
58
100
49
112
161
65
-30
-227
-458
-483
-469
-624
-625
-670
-857
-932
-1094
-1137
-1086
-1001
-956
-823
-750
-896
-843
-856
-611
-398
-223
85
798
2245
2567
2195
1179
301
1454
2683
3854
4194
2835
1946
1535
1485
2256
2528
2111
1879
994
122
-20
-404
-325
-348
-965
-1051
-1024
-1172
-1485
-2140
-2463
-1987
-1290
-912
-889
-1198
-1411
-1222
-818
-379
90
343
273
461
676
805
1104
1124
1106
1293
1405
1539
1603
1208
734
476
328
534
660
410
7
-587
-1031
-1143
-1123
-962
-859
-1033
-1344
-1584
-1631
-1428
-1138
-893
-727
-637
-614
-640
-551
-411
-329
-178
-20
28
3
-134
-214
-185
-168
-133
-126
-183
-322
-462
-553
-534
-466
-483
-492
-523
-610
-499
-411
-441
-270
-184
-154
-122
-172
-150
-89
-44
-76
-37
386
1075
1456
1506
984
261
324
618
1320
2101
1938
1677
1267
797
1017
1292
1430
1498
1111
758
762
735
782
597
25
-194
-159
43
365
169
-244
-571
-883
-837
-562
-355
-274
-451
-706
-773
-634
-340
-191
-316
-538
-649
-496
-212
-23
-63
-257
-336
-224
-68
45
54
-80
-152
-131
-94
4
-16
-133
-209
-221
-158
-15
26
-88
-133
-185
-119
-42
-70
-52
-124
-136
-111
-139
-96
-134
-252
-239
-234
-220
-137
-192
-259
-316
-416
-352
-266
-250
-251
-286
-259
-203
-175
-157
-126
-60
-8
25
6
-62
-55
-26
26
26
-25
-23
-24
25
-8
-61
-55
-40
30
42
40
-21
-114
-120
-101
0
91
142
108
48
102
118
230
331
354
457
479
481
515
588
689
657
592
611
641
671
680
625
576
504
373
319
254
202
276
272
280
233
9
-111
-154
-149
-54
-77
-116
-86
-118
-129
-145
-184
-180
-176
-157
-149
-178
-201
-266
-305
-235
-151
-128
-156
-211
-286
-335
-299
-217
-171
-172
-228
-329
-357
-352
-363
-297
-226
-262
-257
-234
-274
-252
-313
-320
-212
-186
-134
-157
-205
-106
-27
-33
-38
-16
36
58
28
-18
-91
-58
-35
-44
72
73
-19
-78
-130
-120
-68
-52
-46
-22
-76
-98
-103
-92
-26
20
111
113
32
-9
-19
62
147
142
128
183
171
96
126
135
187
288
361
390
408
459
430
443
376
356
483
466
470
430
355
334
329
402
410
294
229
251
256
229
175
105
24
-16
-49
-28
-90
-171
-170
-248
178
401
209
140
-449
-660
-407
-374
-205
-253
-444
-411
-341
-293
-356
-414
-318
-288
-273
-292
-408
-408
-345
-377
-388
-352
-286
-131
-123
-174
-146
-169
-165
-158
-117
-80
-89
-3
4
-17
95
165
201
57
-22
8
10
129
80
44
29
26
30
-115
-126
-60
76
118
54
-17
-97
-73
-98
-68
-38
-32
10
-24
-32
14
78
85
19
28
113
142
177
70
-40
8
-1
82
76
104
312
437
420
217
91
92
220
401
444
390
359
450
557
555
424
256
132
179
367
447
395
273
112
-17
-93
-96
-39
21
-2
-103
-127
-113
-149
-279
-453
-449
-220
-68
-73
-184
-395
-366
-195
-119
-152
-268
-190
40
-6
-258
-217
-48
-20
-188
-379
-256
-17
146
79
-95
-183
-59
212
137
-89
-157
-107
82
174
35
-47
17
92
119
162
119
-59
-89
-153
-85
-98
-280
-179
-269
-69
170
-12
71
-178
-465
-449
-403
-211
-186
-236
-514
-650
-475
-315
-206
-277
-119
-83
-56
-1
-323
-286
-60
33
64
-189
-419
-297
-37
67
-144
-328
-222
113
706
1088
1205
963
375
136
409
1142
1629
1412
1008
771
984
1255
1096
603
126
149
505
756
624
159
-311
-731
-869
-622
-405
-292
-377
-691
-841
-688
-460
-448
-652
-813
-650
-154
256
237
-132
-372
-301
-89
184
276
367
440
429
440
191
25
-12
-25
155
212
178
83
-162
-375
-434
-342
-226
-128
-149
-180
-197
-324
-384
-440
-398
-250
-135
56
96
-73
-203
-199
-149
-46
-33
-170
-165
-61
-100
-297
-292
-209
-343
-364
-256
-360
-444
-210
-179
-406
-332
-59
-34
-113
-209
-448
-461
-234
-141
-144
-234
-381
-404
-499
-521
-529
-741
-705
-684
-258
1014
2118
2823
2016
194
-306
529
2449
3568
2708
1573
1000
1485
2032
1496
560
-167
-34
484
584
218
-551
-1203
-1764
-2005
-1623
-1075
-496
-621
-1381
-1746
-1495
-689
-334
-754
-1059
-585
613
1408
1143
274
-241
164
939
1453
1438
1104
830
476
320
351
303
181
-220
-450
-336
-171
-195
-732
-1352
-1466
-1034
-393
-171
-451
-855
-987
-622
-256
-126
-42
25
234
513
595
439
150
-42
103
316
398
353
-7
-434
-655
-626
-526
-526
-702
-861
-730
-617
-530
-636
-884
-823
-651
-331
-139
-178
-206
-280
-280
-132
-7
-40
21
-127
-222
-365
-684
-507
-597
-534
-266
605
2649
3849
3514
1400
-597
-174
1854
3873
3683
1971
920
1123
1987
1719
236
-1025
-1117
-124
500
170
-513
-1318
-1805
-2198
-2393
-1702
-654
-25
-499
-1402
-1458
-576
394
288
-461
-573
537
1950
2076
1068
54
37
825
1346
1225
687
305
43
-159
-264
-362
-352
-561
-890
-1082
-995
-683
-637
-867
-1031
-883
-332
238
286
-94
-472
-451
3
355
441
329
221
291
267
179
68
-144
-314
-354
-308
-246
-358
-713
-1078
-1247
-1152
-926
-846
-949
-1020
-907
-665
-406
-265
-267
-280
-250
-92
169
367
295
47
-107
-113
138
401
242
44
-220
-540
-583
-835
-831
-620
-378
734
2193
3440
3666
2119
375
9
1286
3240
3748
2770
1683
1282
1764
1803
800
-471
-1192
-871
-179
-10
-462
-1126
-1751
-2177
-2437
-2379
-1545
-571
-251
-538
-911
-495
400
703
332
-85
303
1456
2193
1842
1018
472
601
936
662
188
-221
-452
-465
-680
-870
-902
-989
-1025
-1139
-1227
-950
-574
-225
-124
-334
-278
51
329
351
24
-180
72
386
545
416
110
8
-46
-25
-66
-267
-309
-373
-582
-737
-891
-1060
-1141
-1243
-1216
-1095
-1008
-857
-843
-790
-590
-442
-188
-26
29
97
78
276
465
418
123
-254
-272
-22
231
94
-289
-605
-905
-1031
-1082
-1142
-890
-421
289
1752
3298
4267
3825
1913
708
955
2592
4081
3683
2535
1548
1484
1797
1131
-221
-1611
-2061
-1588
-1022
-851
-1227
-1686
-2173
-2521
-2580
-2200
-1032
-17
284
152
74
794
1627
1637
961
440
928
1822
2169
1763
927
421
234
-108
-579
-1013
-1293
-1381
-1400
-1446
-1390
-1277
-1179
-1139
-1140
-945
-337
557
1132
1145
728
550
725
760
644
210
-45
43
121
127
-135
-406
-636
-789
-750
-730
-600
-511
-639
-773
-877
-879
-892
-1065
-1223
-1213
-1027
-751
-505
-440
-403
-302
-136
119
309
344
199
213
271
286
255
-221
-402
-672
-813
-602
-914
-677
-806
-1118
-1283
-1767
-1218
-852
-314
404
783
2411
4045
5095
4923
3034
1813
1743
2968
4147
3587
2463
1208
949
1041
281
-859
-2261
-2716
-2576
-2281
-1885
-1849
-1624
-1712
-2036
-1952
-1388
-169
814
1139
1170
1295
2095
2752
2611
1850
954
810
1125
1285
924
189
-397
-927
-1398
-1867
-2324
-2405
-2301
-2139
-1843
-1474
-891
-528
-287
6
236
933
1554
1875
1912
1506
1228
985
762
287
-345
-563
-648
-629
-693
-859
-923
-1066
-1117
-1069
-924
-639
-473
-471
-606
-726
-686
-696
-798
-944
-972
-756
-544
-325
-198
-188
-100
-2
83
139
191
188
275
182
-122
-170
-323
-506
-866
-1246
-1250
-1245
-967
-847
-839
-787
-1153
-1188
-979
-487
245
919
1988
3313
4788
5366
4818
3533
2354
2308
2573
2800
2289
1390
946
552
177
-690
-1891
-2745
-3229
-3182
-2771
-2144
-1291
-713
-506
-595
-682
-250
504
1236
1675
1946
2354
2787
2926
2345
1318
441
-69
-206
-393
-650
-847
-1231
-1655
-2144
-2602
-2611
-2359
-2096
-1782
-1287
-570
252
790
1043
1273
1580
2018
2133
2183
2013
1439
955
255
-179
-609
-1136
-1272
-1517
-1497
-1352
-1197
-861
-808
-773
-731
-607
-270
-201
-202
-286
-466
-471
-551
-643
-828
-958
-866
-792
-639
-465
-200
-8
-59
16
-4
43
136
-123
-162
-377
-411
-225
-458
-390
-732
-841
-767
-925
-623
-716
-555
-503
-671
-419
-367
-8
459
924
1756
2557
3815
4826
4885
4238
2805
2027
1857
1901
1795
970
360
-69
-185
-445
-1273
-2054
-2774
-3012
-2702
-2132
-1264
-548
-57
184
219
466
769
1184
1541
1655
1770
1932
2180
2063
1372
437
-410
-872
-1149
-1434
-1610
-1672
-1617
-1602
-1785
-1917
-1914
-1758
-1442
-1018
-389
241
859
1213
1728
2662
3159
3262
2312
1172
531
-96
-119
-550
-849
-1207
-1897
-1725
-1675
-1439
-1358
-1693
-1405
-1088
-520
93
201
304
75
-191
-250
-480
-629
-905
-1107
-1091
-970
-571
-372
-454
-566
-501
-238
-1
107
129
152
120
137
130
55
-198
-543
-696
-633
-513
-394
-445
-673
-718
-654
-193
-33
-341
-525
-647
-193
256
653
1262
1926
2712
3327
4016
4434
4302
3498
2247
1534
1311
1336
1134
533
-65
-602
-905
-1250
-1729
-2229
-2695
-2708
-2290
-1598
-776
-201
237
649
885
1078
1292
1483
1701
1771
1648
1562
1444
1149
600
-180
-836
-1199
-1456
-1664
-1744
-1764
-1804
-1821
-1776
-1490
-1150
-954
-751
-572
-131
434
1229
2401
3133
3205
2464
1466
857
198
-393
-889
-1219
-1319
-1475
-1393
-1185
-1201
-1419
-1751
-1712
-1227
-644
-49
349
487
521
362
57
-330
-832
-1120
-1116
-955
-669
-480
-403
-487
-571
-389
-257
-84
1
-13
266
350
488
503
101
-146
-485
-574
-492
-397
-346
-509
-632
-799
-612
-432
-330
-406
-672
-600
-598
-198
251
523
1003
1176
1761
2627
3301
3930
3956
3798
3470
2685
1938
1276
831
508
-74
-697
-1066
-1203
-1410
-1801
-2216
-2429
-2289
-1958
-1380
-720
-184
415
931
1380
1691
1650
1629
1664
1638
1650
1460
1203
976
464
-176
-746
-1292
-1721
-2065
-2303
-2296
-2164
-1950
-1671
-1476
-1214
-855
-541
-137
223
752
1921
2983
3434
3165
2420
1844
1035
178
-436
-1024
-1421
-1831
-1979
-1656
-1402
-1485
-1780
-1871
-1638
-1218
-760
-328
129
390
563
644
487
227
-273
-726
-860
-792
-538
-351
-296
-152
-23
5
-59
-172
-236
-303
-232
-182
-177
-165
-260
-314
-457
-463
-515
-467
-422
-608
-486
-462
-121
-43
-113
-71
-386
-13
136
351
400
196
569
781
1311
1464
1732
2174
2267
2572
2512
2689
2735
2433
1823
850
392
107
-73
-294
-752
-1021
-1108
-1011
-943
-1070
-1192
-1251
-1045
-608
-189
166
587
956
1082
1220
1310
1315
1264
983
626
363
202
52
-350
-848
-1198
-1486
-1565
-1689
-1823
-1767
-1636
-1378
-1090
-700
-292
120
459
664
1053
1690
2376
2531
2111
1529
916
416
-196
-890
-1386
-1805
-2018
-1971
-1707
-1442
-1494
-1567
-1365
-938
-479
-88
302
655
867
942
894
736
496
124
-295
-514
-500
-509
-520
-554
-670
-606
-612
-701
-717
-798
-797
-725
-471
-132
39
66
-79
-133
-111
-51
61
-46
-148
-113
-51
8
-52
-252
-278
-271
-416
-364
-378
-294
-141
-6
410
818
1076
1235
1601
2099
2602
2720
2643
2764
2745
2701
2140
1322
652
97
-230
-592
-905
-1110
-1171
-1219
-1226
-1297
-1385
-1282
-1260
-1082
-701
-250
400
930
1200
1403
1549
1616
1555
1295
907
507
248
73
-186
-407
-652
-957
-1162
-1460
-1678
-1658
-1619
-1556
-1410
-1142
-744
-303
-38
184
376
906
1867
2311
2325
1792
1130
888
359
-100
-532
-999
-1262
-1491
-1264
-910
-795
-883
-1044
-921
-651
-354
-163
19
228
308
353
421
384
11
-461
-854
-1044
-1024
-1029
-1067
-1100
-947
-737
-509
-229
-48
-43
-136
-61
47
192
309
161
25
49
111
104
-21
-272
-506
-600
-623
-525
-369
-360
-379
-358
-106
304
428
472
425
429
704
847
1056
1259
1301
1430
1598
1916
2190
2111
1911
1721
1451
1156
770
336
126
-18
-257
-397
-472
-521
-633
-866
-961
-951
-839
-619
-527
-388
-197
-22
280
532
686
716
707
716
567
424
262
71
-46
-261
-505
-607
-660
-767
-911
-1005
-1013
-955
-914
-902
-800
-599
-295
0
311
738
1137
1522
1702
1657
1445
1043
732
362
-58
-432
-789
-962
-1029
-1057
-1055
-1009
-1022
-1072
-1043
-965
-760
-542
-330
-70
92
167
131
106
112
-52
-277
-452
-554
-533
-527
-593
-601
-554
-483
-342
-209
-147
-60
-47
-19
-37
-146
-151
-219
-179
-166
-160
-10
-11
-8
-53
-173
-288
-350
-329
-351
-454
-295
-107
93
412
323
381
451
511
716
766
947
1009
1240
1569
1733
1851
1755
1704
1695
1633
1424
1093
795
400
43
-307
-524
-519
-596
-673
-772
-759
-570
-495
-499
-533
-550
-456
-294
-168
-81
61
293
522
675
781
778
670
495
246
43
-42
-51
-67
-110
-143
-104
-45
-135
-306
-455
-630
-784
-833
-810
-762
-700
-555
-217
257
611
720
681
607
531
354
190
52
-147
-312
-404
-319
-187
-104
-136
-342
-442
-523
-617
-682
-802
-906
-961
-886
-722
-579
-558
-586
-588
-596
-604
-553
-533
-546
-432
-335
-171
59
243
490
611
621
604
517
426
237
33
-142
-275
-355
-455
-451
-443
-467
-481
-470
-415
-385
-352
-317
-212
-54
117
264
370
490
621
696
771
845
797
770
767
743
803
919
971
975
960
948
1014
973
903
798
580
484
401
306
270
263
228
103
51
26
3
-9
-117
-203
-213
-214
-257
-244
-241
-339
-386
-402
-337
-264
-231
-103
9
71
112
137
128
146
124
20
-7
-17
-80
-166
-209
-243
-203
-142
-272
-305
-258
-272
-181
-144
-138
-23
20
17
-21
-121
-184
-267
-363
-435
-471
-448
-339
-228
-163
-122
-195
-237
-237
-220
-169
-232
-254
-259
-296
-306
-354
-392
-377
-337
-354
-311
-235
-212
-175
-169
-143
-114
-82
-21
16
74
120
139
176
203
193
162
160
178
162
143
135
63
34
92
77
77
108
49
7
23
3
44
109
64
69
100
120
135
80
54
36
19
-15
-16
4
-43
-18
-14
-69
-64
-31
25
108
213
271
300
337
380
403
428
495
471
450
529
571
588
573
540
572
620
650
587
480
392
312
229
107
39
11
-8
-50
-130
-176
-229
-311
-383
-449
-458
-407
-381
-311
-229
-217
-189
-138
-132
-155
-147
-116
-74
-45
-58
-51
-22
-74
-125
-175
-289
-312
-346
-425
-432
-447
-481
-462
-424
-392
-322
-268
-230
-152
-129
-112
-44
-32
33
148
198
242
268
259
237
214
141
86
130
96
-8
-69
-120
-110
-83
-88
-108
-139
-93
-84
-96
-86
-131
-92
-18
17
55
70
68
52
6
-41
-54
-126
-166
-185
-255
-244
-193
-122
-101
-111
-75
-67
-28
3
-26
-63
-91
-89
-51
6
45
72
67
39
41
88
170
192
156
179
223
267
292
279
262
193
130
150
186
180
129
48
9
40
54
54
91
143
171
217
300
344
385
443
439
451
475
447
470
469
460
455
459
459
350
235
105
-23
-165
-316
-405
-471
-522
-514
-460
-447
-413
-372
-325
-205
-88
-11
42
100
136
141
162
141
97
64
-26
-114
-184
-260
-346
-422
-526
-590
-517
-467
-452
-415
-374
-304
-205
-123
-101
-47
36
85
174
250
246
253
260
221
186
131
60
4
-18
-37
-105
-160
-182
-176
-183
-208
-157
-77
-38
-5
-10
-22
6
61
104
117
133
82
34
34
-33
-108
-154
-207
-209
-185
-189
-185
-194
-185
-135
-114
-74
-8
25
22
-5
8
47
26
0
28
22
13
5
-38
-35
-33
-8
19
71
125
125
166
215
265
324
353
329
306
276
250
257
228
204
154
73
40
20
-4
-53
-119
-130
-100
-40
33
70
110
171
242
329
385
392
435
428
399
412
353
300
258
184
138
88
13
-75
-137
-175
-216
-252
-278
-258
-205
-193
-143
-71
-51
-5
53
64
74
100
60
29
7
-88
-158
-223
-294
-312
-329
-339
-352
-391
-382
-323
-265
-225
-213
-184
-102
-48
-15
9
11
21
18
1
-28
-63
-105
-146
-155
-149
-181
-223
-193
-161
-135
-92
-115
-112
-58
-29
3
49
68
30
32
86
100
136
146
123
119
47
-5
3
5
-18
-62
-82
-101
-91
-52
-12
29
97
155
174
252
294
335
372
318
295
223
140
107
30
-36
-106
-174
-211
-234
-260
-274
-275
-258
-205
-165
-114
-48
10
49
78
136
177
191
239
263
260
308
294
238
185
114
91
92
74
39
2
-45
-84
-125
-116
-89
-115
-66
17
97
158
179
210
224
215
169
143
148
138
124
86
16
-60
-81
-76
-64
-74
-75
-21
-29
-20
-26
-20
29
17
33
61
47
18
9
-31
-75
-58
-70
-84
-111
-144
-129
-162
-167
-130
-137
-111
-112
-136
-135
-165
-184
-192
-199
-192
-197
-170
-120
-131
-123
-108
-100
-106
-111
-53
-51
-42
5
28
77
133
155
162
190
184
166
192
185
179
169
95
45
31
-9
-66
-112
-141
-163
-154
-115
-112
-93
-77
-58
9
26
50
88
120
189
223
226
226
226
213
178
151
149
120
71
30
-23
-45
-86
-142
-152
-189
-227
-236
-229
-176
-146
-142
-109
-45
36
65
89
120
137
162
173
165
145
139
82
21
7
-11
-28
-74
-74
-97
-138
-120
-123
-82
-34
-37
-28
3
9
2
2
0
37
52
46
73
98
108
123
126
86
82
92
55
34
23
-14
-28
-17
-19
-27
-62
-101
-115
-138
-165
-164
-121
-63
4
41
-22
-31
-18
-36
19
17
-8
-12
3
33
37
53
53
74
98
85
62
49
40
6
-22
-66
-88
-81
-97
-115
-91
-55
-39
-3
8
40
98
109
107
102
92
79
110
103
64
40
-22
-53
-63
-104
-117
-86
-80
-91
-68
-32
-23
4
24
17
51
56
37
90
111
111
149
145
143
97
24
2
-13
-28
-62
-71
-51
-40
-15
-25
-37
-44
-45
-6
14
27
60
80
69
75
58
-18
-39
-25
-18
-42
-111
-141
-158
-164
-155
-147
-123
-105
-103
-97
-74
-43
-43
-66
-28
14
23
44
41
6
6
3
-35
-13
-17
-44
-20
-39
-18
34
36
58
62
54
65
45
1
13
18
-22
7
16
-10
-33
-57
-29
-43
-79
-84
-56
-8
9
50
72
111
146
146
160
140
144
127
116
133
80
42
15
-36
-103
-160
-200
-230
-213
-176
-163
-133
-71
-27
-26
-14
34
75
149
214
265
372
391
361
345
299
256
183
140
115
36
-19
-38
-57
-95
-140
-174
-178
-148
-152
-165
-152
-119
-51
-11
18
52
75
117
135
137
152
131
68
14
-43
-87
-111
-152
-151
-172
-217
-194
-166
-154
-110
-90
-98
-57
-44
-29
-8
-23
9
31
19
22
31
-6
-43
-46
-95
-130
-126
-130
-115
-71
-35
-25
17
15
-9
26
41
50
40
11
-20
-48
-14
-7
-31
-42
-67
-99
-143
-136
-155
-175
-116
-98
-88
-42
4
73
158
206
226
214
191
191
166
149
135
80
32
17
-38
-102
-85
-89
-113
-120
-142
-113
-60
-18
16
46
67
111
177
165
178
225
246
262
214
186
170
109
61
17
-10
-24
-33
-42
-38
-44
-85
-98
-88
-91
-63
-15
31
108
193
209
183
173
137
123
119
49
10
-20
-61
-98
-123
-109
-107
-109
-127
-132
-94
-82
-30
8
3
59
68
72
95
79
75
80
82
49
5
-40
-68
-74
-78
-112
-184
-214
-205
-205
-199
-174
-144
-116
-91
-90
-83
-76
-57
-35
-47
-35
-37
-41
-7
-14
-63
-91
-105
-129
-114
-123
-131
-74
-37
-6
8
-3
34
77
100
135
146
126
124
112
71
43
7
-45
-82
-103
-96
-85
-72
-26
-1
-19
-18
17
62
105
121
122
160
212
228
222
205
189
154
120
91
48
22
10
-7
-6
-16
-36
-27
-61
-83
-48
-58
-37
1
9
77
148
164
174
166
157
160
103
54
33
-21
-60
-103
-138
-139
-143
-129
-89
-69
-67
-43
-18
6
47
46
46
80
101
126
116
80
83
52
-13
-41
-61
-85
-86
-93
-112
-90
-83
-112
-129
-148
-157
-145
-131
-140
-144
-93
-60
-11
20
-10
-12
-30
-22
0
-17
-40
-49
-58
-89
-83
-85
-63
12
23
44
77
79
95
96
146
197
195
198
151
106
74
34
1
-37
-52
-70
-85
-109
-120
-119
-152
-161
-140
-114
-88
-35
-4
-28
-34
-20
-15
-9
31
64
92
108
89
95
84
37
11
5
7
8
-4
-11
-11
-2
-4
-4
37
96
142
154
146
162
177
141
114
88
55
69
54
54
42
-34
-60
-60
-55
-52
-71
-60
-42
-5
12
-11
9
19
32
54
49
75
86
53
17
-4
-18
-33
-12
-36
-88
-108
-115
-120
-137
-138
-142
-120
-60
-26
-3
-5
-10
4
20
25
17
51
72
45
-10
-60
-91
-113
-114
-123
-115
-101
-89
-47
-41
-46
-11
25
43
37
26
32
64
96
81
78
80
40
52
46
-3
-31
-78
-109
-102
-104
-108
-95
-74
-55
-48
-37
-1
35
72
89
83
95
141
164
148
141
140
134
122
78
58
51
7
-11
-25
-36
-35
-43
-4
39
63
104
84
54
53
30
30
12
-10
-12
-31
-6
11
8
14
-15
-48
-60
-65
-83
-106
-119
-104
-68
-49
-54
-51
-24
-32
-41
-10
2
11
17
-23
-54
-28
-11
-14
-19
-28
-4
-10
-59
-63
-87
-107
-64
-43
-26
28
42
27
51
55
26
57
59
42
60
13
-3
8
-42
-61
-64
-73
-49
-48
-64
-54
-59
-45
-9
17
39
61
69
89
112
103
114
123
86
73
74
62
62
36
10
-10
-46
-46
-52
-67
-81
-80
-63
-49
-13
20
41
63
72
83
108
97
85
112
113
105
129
96
59
49
-2
-15
-21
-77
-111
-115
-105
-60
-23
-23
-7
5
12
33
37
14
8
19
29
31
29
24
10
6
6
-4
-36
-25
-9
-33
-28
-42
-69
-60
-90
-115
-106
-105
-64
-60
-92
-76
-56
-56
-58
-63
-86
-91
-47
-42
-35
-10
-12
10
17
-11
-25
-27
-26
13
40
36
45
40
37
31
16
6
-6
-25
-44
-70
-94
-79
-34
9
38
46
54
70
44
29
26
36
63
37
-7
-17
-1
1
-9
-21
-14
14
-2
-28
-18
-32
-19
6
8
23
29
37
61
93
103
99
113
131
148
160
166
149
108
93
72
68
76
42
24
15
-18
-50
-69
-91
-94
-80
-77
-44
-22
-11
6
-22
-13
5
5
0
-6
24
12
22
55
41
34
-1
-23
-34
-34
-12
-7
-28
-66
-84
-91
-80
-74
-92
-77
-85
-92
-44
-43
-27
31
48
71
64
49
66
62
39
40
64
52
83
82
28
17
-16
-25
-34
-76
-96
-106
-113
-127
-125
-141
-158
-124
-118
-97
-77
-82
-44
-9
-3
-1
26
51
65
84
59
42
28
-8
-13
-23
-24
-29
-58
-61
-68
-73
-56
-63
-71
-41
-41
-15
33
14
37
89
87
103
128
131
154
165
175
180
183
155
97
88
65
35
30
-11
-40
-56
-80
-75
-54
-54
-72
-71
-77
-49
-6
-11
37
70
59
85
84
80
96
97
106
108
94
77
59
43
22
-8
-19
-43
-79
-80
-101
-114
-94
-92
-59
-54
-75
-66
-69
-18
26
-15
-16
-8
-14
14
1
-9
7
-21
-41
-49
-50
-40
-37
-37
-49
-62
-38
-31
-30
-1
-11
-2
20
-12
-40
-40
-51
-23
-6
-26
-8
-11
5
43
29
25
42
24
17
33
15
-5
7
7
2
6
2
-5
-14
-29
-43
-32
-20
-21
-16
-2
13
17
38
39
22
18
17
42
54
32
7
-10
-24
-26
16
9
10
23
-21
-22
-9
-23
-19
28
31
12
43
58
97
106
62
79
96
79
75
77
50
32
62
37
30
54
20
14
17
14
-3
-31
-29
-43
-55
-49
-39
-37
-34
-26
-35
-34
-55
-54
-47
-79
-60
-37
-35
-10
2
7
17
3
-17
-21
-32
-32
-9
-14
-33
-51
-77
-80
-68
-43
-45
-56
-51
-58
-43
-17
-1
18
20
-2
2
18
26
41
34
17
11
2
-8
-10
-25
-32
-14
0
11
21
19
8
15
19
17
19
26
37
36
50
40
26
-3
-14
0
-10
17
6
-11
0
-17
-22
-28
-20
-15
-26
-29
-34
-20
-31
-11
17
22
51
39
26
29
20
36
65
86
80
68
57
32
37
47
41
42
44
35
31
31
15
41
26
-3
9
-14
8
29
13
3
-5
-14
-24
-38
-32
-7
-3
-17
-9
20
-3
-12
-18
-66
-72
-78
-71
-61
-61
-13
-3
-20
-33
-37
-23
-29
-21
1
10
7
14
6
1
27
33
25
12
17
20
8
37
44
45
58
20
21
31
-17
-30
-28
-30
0
2
-43
-41
-37
-64
-48
-57
-84
-70
-62
-56
-62
-63
-58
-63
-49
-43
-32
-14
-20
-6
9
-1
-5
15
0
6
24
1
20
29
31
54
47
48
40
29
29
9
28
43
9
7
14
10
17
11
4
37
37
2
3
-14
-3
14
9
25
15
-4
-17
-14
3
-14
-4
27
37
68
73
55
69
60
47
64
50
54
72
48
34
20
12
37
33
20
-2
-16
12
-25
-43
-11
-38
-46
-34
-28
-17
-14
-33
-19
46
71
83
70
46
50
21
5
3
17
-3
-45
-46
-75
-85
-94
-114
-100
-95
-79
-79
-106
-107
-85
-62
-62
-71
-65
-44
-26
-24
-20
2
34
33
15
14
32
33
14
29
30
58
74
27
37
43
49
49
12
18
6
-17
-7
-14
-37
-31
-31
-62
-58
-85
-113
-108
-109
-77
-60
-36
-13
22
42
21
46
51
52
63
54
52
40
38
-11
-49
-48
-60
-30
-11
-3
-13
-43
-47
-46
-7
29
49
87
102
98
91
86
107
156
163
116
94
67
38
43
4
-20
18
6
4
-13
-60
-38
-23
-29
-2
30
53
68
64
62
72
75
98
75
60
60
15
35
20
-31
-23
-40
-38
-40
-63
-71
-92
-95
-83
-58
-21
-2
-14
49
65
13
48
1
141
240
75
73
39
16
23
14
24
-15
-31
-89
-89
-89
-109
-122
-141
-99
-117
-109
-109
-129
-89
-112
-95
-32
-15
-40
-48
-62
-81
-49
-57
-65
-73
-68
-52
-86
-88
-100
-89
-29
-23
-16
-10
7
46
46
18
28
57
45
40
44
28
26
37
43
49
41
58
65
40
53
58
82
104
85
106
102
109
138
111
98
112
111
103
80
45
38
3
-27
-8
-18
-35
-61
-88
-72
-72
-70
-56
-55
-57
-46
-40
-77
-94
-90
-86
-63
-75
-91
-87
-86
-98
-98
-79
-74
-26
-9
-31
3
33
46
47
49
81
94
71
38
17
26
37
26
16
-9
-20
-14
-32
-42
-62
-88
-112
-128
-118
-104
-84
-74
-67
-49
-43
-23
17
19
26
59
67
79
63
32
37
14
-6
17
30
24
-9
0
21
-23
-23
-20
10
78
75
110
134
154
206
216
235
217
194
183
164
177
146
59
26
24
-12
-17
-23
-82
-130
-150
-164
-169
-146
-136
-92
-29
-23
-6
5
40
83
83
99
109
106
85
49
69
103
91
78
54
45
56
29
16
-7
-3
-14
-43
-23
-59
-40
-7
-48
-47
-63
-74
-57
-85
-118
-134
-148
-166
-196
-195
-180
-172
-166
-166
-155
-153
-180
-190
-155
-152
-166
-190
-195
-166
-158
-117
-123
-157
-150
-168
-172
-151
-158
-177
-168
-166
-151
-133
-157
-115
-43
-38
-24
-3
16
34
49
86
117
160
206
231
279
328
368
389
381
398
415
414
405
415
421
429
414
371
350
299
272
266
238
218
173
124
103
87
75
46
16
-20
-61
-83
-114
-179
-261
-309
-329
-340
-337
-345
-343
-298
-262
-218
-172
-149
-115
-113
-129
-138
-167
-189
-195
-172
-138
-131
-102
-75
-63
-29
12
72
118
151
206
237
259
306
355
378
388
431
452
431
420
380
371
386
363
350
327
294
231
183
157
155
156
80
37
31
20
4
-46
-73
-80
-96
-121
-159
-189
-198
-228
-249
-268
-290
-300
-309
-318
-317
-310
-302
-295
-285
-263
-249
-230
-225
-247
-244
-215
-190
-200
-211
-209
-186
-159
-155
-143
-152
-157
-125
-104
-91
-75
-59
-45
-8
8
-3
-9
-49
-52
-36
-29
-7
-29
-51
-52
-47
-30
-17
5
28
46
62
59
45
60
65
59
74
45
42
43
19
20
14
40
78
88
90
89
100
122
122
105
106
124
137
146
131
142
174
170
163
155
143
154
141
119
118
108
118
103
78
112
106
92
103
79
75
89
89
97
101
81
85
87
77
66
52
52
52
68
72
65
62
63
54
42
57
46
32
35
20
23
21
-5
-23
-44
-53
-60
-75
-79
-75
-74
-91
-113
-120
-109
-108
-120
-132
-140
-132
-152
-146
-108
-119
-103
-113
-138
-120
-105
-98
-104
-121
-138
-130
-89
-68
-65
-62
-68
-72
-84
-82
-62
-45
-21
-20
-22
-14
-26
-17
6
35
51
59
43
12
1
-3
6
30
28
-6
-13
-16
-20
1
-23
-16
6
9
22
-12
-7
16
18
38
45
40
40
33
40
58
32
23
12
-8
-4
-15
-20
-11
-9
-11
8
13
-15
-26
-15
-2
10
25
21
9
9
9
21
34
40
40
25
7
8
4
-4
-1
4
24
42
52
40
14
17
15
18
25
-6
-13
7
3
-12
-36
-28
-11
-13
-19
-25
-29
-35
-34
-50
-49
-34
-31
-43
-61
-31
-17
-14
-12
-20
14
17
26
43
-8
-19
-21
-55
-45
-37
-38
-37
-57
-47
-60
-81
-61
-59
-53
-43
-44
-17
5
6
20
37
38
22
31
32
51
69
32
15
4
7
12
3
15
7
5
-4
-56
-74
-70
-59
-33
-6
-1
-28
-31
-33
-28
9
31
48
48
47
43
42
45
35
43
39
52
53
26
16
14
16
14
8
9
17
24
39
36
31
51
47
56
71
78
89
61
63
77
67
69
63
83
83
61
50
37
29
28
43
40
20
5
-9
-23
-12
-18
-41
-29
-29
-31
-20
-12
-6
3
0
-8
-24
-39
-36
-40
-38
-34
-48
-59
-61
-76
-79
-35
-30
-28
-18
-42
-55
-80
-57
-45
-65
-26
-5
11
17
-11
-12
-20
-19
-2
2
27
22
2
-4
-14
-21
-25
-19
2
-10
-26
-31
-61
-51
-37
-39
-18
2
24
18
12
23
32
34
31
28
14
13
12
4
8
1
-6
3
12
8
7
28
42
26
14
38
41
49
51
35
64
80
70
55
49
51
39
29
24
23
24
23
-4
-15
3
12
19
38
31
16
22
3
-7
22
38
13
14
31
14
-5
-24
-17
-6
-10
-1
-12
-7
-6
-20
-16
-22
-3
6
-15
-14
-7
-6
-21
-45
-41
-38
-42
-36
-46
-38
-18
-11
11
8
2
-8
-7
-8
-36
-38
-46
-29
-26
-45
-11
-16
-14
-5
-33
-18
-26
-56
-79
-88
-66
-37
-30
-50
-64
-54
-56
-71
-53
-50
-38
-31
-44
-26
-26
-12
2
-9
14
46
56
62
69
43
23
25
20
23
34
49
39
28
13
-6
1
13
27
25
26
39
36
41
37
27
40
52
59
57
50
58
57
36
15
9
17
17
18
14
7
17
2
11
17
12
55
55
58
63
44
72
61
47
62
48
51
46
2
-20
0
17
4
-13
-29
-42
-28
-25
-46
-22
12
2
-3
-13
-25
-27
-16
-15
-36
-25
-25
-50
-64
-51
-40
-27
-10
-20
-23
-48
-56
-35
-35
-22
-30
-40
-18
-18
-40
-25
9
16
12
-3
-4
-9
-23
-30
-22
-23
-29
-19
-28
-20
-11
-24
-29
-26
-12
-14
-22
-11
6
-4
-21
-23
-22
-12
-8
-12
0
10
1
-4
2
8
26
30
40
53
42
19
0
17
9
-1
20
16
14
22
9
3
9
2
-10
-18
-6
-6
-10
-8
-8
-2
3
6
-21
-13
20
24
44
52
32
20
22
25
43
61
63
62
46
26
-1
-10
4
6
15
9
3
9
14
23
10
-2
-14
-28
-28
-19
-9
-3
2
-5
6
12
11
28
31
26
-1
-31
-41
-42
-52
-36
-8
-10
-5
-5
-6
-9
-9
12
0
-5
-9
-9
31
43
34
21
32
38
32
40
21
11
11
-7
-32
-48
-34
-14
-9
-8
-5
3
0
-23
-45
-42
-31
-15
-15
-13
14
19
12
11
12
14
17
18
-7
-12
-30
-52
-50
-44
-19
-2
3
-11
-15
-18
-18
-11
-23
-5
-6
-16
3
6
16
18
2
-18
-31
-32
-23
-22
-36
-30
-19
-22
-16
-1
15
21
30
26
-2
-12
3
3
0
16
12
21
31
25
26
1
3
21
17
19
25
28
30
39
45
16
5
26
23
21
11
-5
-3
-2
1
-8
-3
0
-5
2
-5
-15
-23
-31
-37
-38
-28
-18
-1
-11
-17
-2
8
25
20
21
23
26
35
15
-4
4
11
-3
-5
-5
-12
3
9
10
13
16
-5
-11
3
8
17
11
5
5
-1
-10
-26
-35
-34
-22
-7
-25
-23
-1
0
4
9
20
17
12
11
7
9
5
9
2
-19
-4
12
0
-3
-7
1
9
1
-1
-3
25
53
27
9
17
20
20
18
9
15
23
11
-11
-12
6
-5
-20
-15
-23
-42
-43
-27
-16
-5
1
1
14
20
7
1
14
14
12
12
3
9
13
18
23
-4
-8
-6
-28
-12
-5
-13
-8
-12
-32
-54
-45
-41
-43
-41
-56
-52
-54
-43
-16
-29
-12
11
-6
-3
-3
-18
-9
-4
-20
-23
-28
-35
-24
-4
4
0
-6
-11
-9
-15
-6
22
34
43
44
29
13
7
7
7
19
18
18
14
7
2
5
13
-4
-8
-15
-6
19
5
2
1
1
8
13
6
2
29
36
17
21
38
39
38
50
43
23
19
4
-11
10
21
36
42
22
36
37
22
19
26
35
35
22
1
-2
14
38
44
35
32
10
-14
-21
-9
17
34
42
29
19
22
18
11
-8
-15
10
17
-8
-10
-10
-10
-6
-13
-24
-26
-12
-15
-35
-47
-60
-50
-43
-36
-29
-39
-23
-11
-33
-21
-21
-45
-24
-31
-48
-52
-60
-50
-59
-61
-60
-53
-40
-49
-46
-48
-26
0
-7
-3
-11
-24
-20
-26
-38
-37
-28
-25
-22
-28
-46
-53
-35
-24
-24
-8
6
11
17
18
3
0
17
11
-3
6
17
12
32
43
22
26
24
26
27
23
29
16
36
55
53
60
50
59
66
42
28
27
37
51
49
48
23
11
37
36
22
33
41
39
36
31
25
30
60
53
35
45
56
55
42
38
23
34
49
21
23
21
25
34
14
1
-11
-6
-14
-11
-10
-38
-21
-22
-45
-34
-29
-43
-40
-17
-12
-20
-6
2
-14
-25
-37
-43
-32
-24
-26
-29
-21
-26
-35
-52
-70
-59
-70
-75
-47
-37
-35
-35
-41
-38
-46
-49
-39
-22
1
-4
-10
3
11
-13
-22
-2
8
6
-8
-31
-44
-38
-20
-10
-20
-26
-16
-10
-3
0
5
-2
-5
22
26
0
0
5
9
24
5
-12
15
26
4
2
8
-2
-6
5
7
12
29
11
-3
12
18
26
42
52
53
42
30
14
9
23
16
19
37
43
34
15
20
33
24
9
4
22
29
35
42
37
36
23
23
21
-1
-6
-3
7
13
0
-8
-8
-11
-20
-26
-34
-21
7
-7
-6
1
-28
-21
2
-3
0
18
19
18
20
15
-6
-12
0
-19
-34
-22
-27
-35
-31
-42
-57
-46
-34
-27
-18
-17
-12
-23
-42
-24
-15
-9
6
14
11
-10
7
13
-3
0
-16
-28
-12
-5
-19
-17
-14
-11
0
-15
-27
-14
5
12
29
40
25
25
23
20
23
22
12
-12
-6
5
5
20
26
24
8
-10
-18
0
12
12
17
9
26
41
25
15
11
-2
5
32
21
15
37
30
26
18
2
6
3
0
5
14
9
9
18
10
3
17
11
-15
-11
-12
-12
-9
-22
-37
-45
-31
-20
-10
-2
-6
-6
-8
-6
-4
-7
-12
-6
5
3
-11
-26
-26
-21
-36
-32
-23
-20
3
10
-4
-7
-19
-31
-22
-20
-12
11
29
11
-7
-8
-26
-28
-10
3
-6
11
20
-5
-6
-6
-21
-21
-13
-17
-21
-20
-18
-3
9
20
34
21
6
3
-6
-6
2
3
17
21
2
-5
0
3
-12
-14
5
6
9
12
7
33
40
31
28
11
11
19
26
31
20
22
26
23
17
-9
-15
-8
-23
-37
-31
-17
-11
-8
-9
-2
-4
-16
-17
-6
20
24
5
-5
0
12
15
1
-5
-3
-24
-34
-18
-2
3
12
28
35
28
17
11
14
37
39
20
28
35
30
31
36
26
14
-1
-25
-35
-17
-1
-11
-8
-4
-12
-19
-38
-24
-14
-15
-10
-23
-13
6
25
22
-5
1
-1
-18
-17
-20
-29
-31
-18
-11
-17
-26
-25
-14
-25
-24
-14
-34
-19
-7
-14
10
31
28
0
-9
3
8
11
3
14
26
-13
-23
14
20
17
15
-1
-11
-24
-36
-13
9
9
13
2
-7
-20
-21
4
15
42
51
35
27
25
31
29
43
50
26
16
14
17
24
23
21
8
-1
-5
-10
-7
5
-8
-22
-15
-15
-21
-15
-4
-15
-20
-10
-34
-35
-15
-3
10
7
3
-11
-19
-9
-14
-17
-11
-23
-30
-20
-13
-6
-9
-6
-3
-14
-27
-31
-15
-9
0
17
21
18
5
0
7
6
-5
-3
6
-14
-35
-23
-6
0
-18
-32
-20
-21
-19
-14
-8
8
16
13
11
17
9
-4
6
6
17
26
15
23
20
13
9
0
-7
-9
-8
-2
23
32
23
3
-5
1
1
11
15
19
34
25
4
8
-2
-22
-3
-9
-28
-23
-23
-30
-25
-7
-2
-11
-14
-12
-4
0
9
17
7
3
-1
5
28
51
52
43
37
21
6
3
2
-1
3
-9
-7
3
-14
-15
6
12
-1
4
2
-3
20
24
19
35
28
10
14
8
11
17
9
20
23
5
-5
-4
4
-6
-16
-14
-15
-22
-32
-43
-30
-10
-13
-20
-22
-35
-25
-7
-14
-20
-15
3
5
0
-1
-5
4
2
-5
5
11
6
4
5
-3
-11
-12
-9
-11
-15
-8
-18
-27
-29
-42
-26
-15
-13
-9
-2
7
-2
-11
-10
-2
9
16
14
3
-9
-6
0
-6
5
19
18
3
-10
-12
-19
-18
-12
-12
7
11
-5
-11
2
22
33
46
37
22
28
30
27
14
14
28
31
36
38
26
13
9
-1
2
10
-1
-17
-40
-51
-31
-15
6
9
-7
-7
-12
-3
9
-6
-6
7
12
18
22
11
7
11
16
8
-10
4
13
14
30
23
9
-3
-15
-12
-16
-21
-30
-38
-22
-14
-11
4
1
-15
1
10
-1
7
5
-3
15
23
13
0
-6
-7
-8
0
-4
-3
-14
-35
-22
-11
-2
-8
-29
-27
-24
-10
-16
-21
-6
1
3
-5
-4
-1
1
-2
-18
-4
-1
-26
-28
-13
-4
3
8
-1
-8
-10
-9
9
23
16
6
2
9
10
-4
-2
4
13
34
27
6
8
20
29
31
20
3
-5
-16
-17
11
14
4
4
-12
-8
14
12
2
6
12
12
10
11
20
30
23
8
3
-12
-17
-3
15
24
18
12
-3
-15
-17
-20
-11
2
-10
-19
-14
-12
3
11
6
10
0
-4
-3
0
6
5
20
16
-4
-1
0
7
3
-12
-8
11
6
-17
-18
-8
1
9
11
-6
-11
5
-8
-9
7
-3
-8
6
20
3
-24
-16
-30
-45
-23
-7
-1
-2
-8
-11
-7
-7
-20
-23
-15
2
-3
-3
5
-5
-3
6
13
15
2
-1
8
8
17
36
30
16
11
-5
2
11
-7
-14
-3
8
9
-4
-14
-15
-21
-6
9
-2
0
0
1
-3
-2
18
25
25
12
0
15
19
16
30
29
36
40
18
3
-1
3
4
1
-11
-18
-8
6
6
-3
0
-2
4
18
-12
-29
-22
-25
-27
-23
-2
-1
-9
-9
-7
-5
-14
-11
-14
-19
-11
-12
-14
-15
-23
-28
-12
-1
-13
-17
-9
-14
-18
-14
-7
-8
-11
-9
-9
3
6
-17
-19
11
21
-1
-5
-5
-8
-9
1
25
30
29
24
12
12
11
8
2
15
34
24
18
14
7
4
3
-3
-8
-2
-20
-35
-16
-2
2
0
-7
3
17
17
12
-1
4
19
5
-7
-3
-1
-1
-8
6
13
6
7
10
9
-1
0
3
9
25
20
15
15
6
10
0
-3
17
17
4
-5
-6
-13
-13
-26
-22
-6
-3
-10
-28
-25
-13
-8
-5
5
16
12
3
-5
-7
6
4
-3
6
2
-2
5
7
18
13
17
35
29
20
13
19
21
3
-1
0
-12
-4
12
12
12
-1
-23
-26
-32
-31
-20
-17
-3
-5
-6
3
3
-14
-19
-5
-3
2
-4
-17
-12
-3
5
-1
-11
-13
-20
-28
-25
-6
13
2
-16
-17
-3
3
-6
-14
-15
-11
-22
-24
-17
-17
-6
-9
-8
6
3
-1
-4
3
-3
-25
-19
-17
-10
4
2
10
21
18
17
22
31
40
27
4
11
14
-6
-1
12
16
11
3
3
2
16
17
14
24
17
29
33
7
-9
-1
16
14
9
6
10
17
19
0
-18
-6
0
-9
-12
-2
15
1
-10
-6
-5
5
11
17
20
8
0
1
5
10
22
29
11
-17
-25
-17
-10
-13
-15
-12
-15
-20
-33
-42
-38
-21
-23
-36
-37
-33
-30
-24
-21
-28
-28
-9
14
5
-17
-14
-8
-5
-13
-14
6
14
4
-4
2
0
-9
-5
13
31
35
36
30
21
20
16
10
8
8
2
3
5
8
18
29
21
9
10
5
0
-5
-6
-2
9
7
-8
-16
-15
-1
6
9
1
-15
-20
-4
5
-6
-4
-2
7
13
-2
-7
-2
3
23
22
9
13
14
11
-1
-2
5
6
3
3
-2
-2
3
-13
-26
-29
-12
1
-1
0
-8
-3
-1
-3
-4
-3
7
10
11
11
7
10
10
13
23
30
20
8
2
3
14
10
20
21
-1
7
27
9
-11
6
-2
-13
-1
-8
-6
-2
-10
-21
-18
-13
-6
4
4
3
2
-2
-3
-3
-3
-6
-11
-7
-8
-7
0
-7
-9
-15
-22
-26
-24
-20
-11
1
2
-5
-20
-17
-26
-44
-41
-36
-31
-27
-21
-18
-26
-19
-16
-19
-12
-10
-4
17
25
22
12
0
3
-4
-1
19
15
11
14
9
0
6
28
25
19
25
29
27
19
7
12
29
40
35
24
14
15
14
17
9
-11
-13
-8
-3
-4
-6
-6
-9
-19
-21
-5
3
8
6
4
13
10
9
7
3
5
1
-8
-9
1
6
2
12
14
11
-13
-19
3
1
5
4
1
3
3
0
-17
-2
11
6
17
12
-6
-9
-8
-3
4
0
3
8
3
-4
-9
-14
-5
-3
-13
-8
8
5
0
3
-6
-8
-8
-12
-13
-12
-15
-15
-14
-10
1
0
-7
-3
-6
-11
0
-5
-26
-24
-15
-6
1
-2
-9
6
11
1
0
1
5
11
6
8
14
3
3
11
9
17
22
23
23
18
8
-3
-3
-6
1
15
8
6
-2
-6
3
2
-4
-10
-6
-9
-17
-19
-9
-3
-1
-6
-12
0
-15
-18
3
0
-6
-1
3
11
4
-9
-2
5
12
6
9
17
0
-5
-4
-4
7
8
9
11
11
15
17
18
20
14
-4
-16
-2
8
3
-18
-31
-14
5
4
1
-6
-21
-24
-19
-15
1
7
5
6
6
1
-20
-14
8
11
12
11
3
-14
-26
-12
-5
-6
-5
-10
6
15
10
11
8
5
3
-6
-2
-8
-24
-20
-9
2
2
-19
-13
-1
-7
0
-1
-4
14
12
7
8
4
17
14
0
9
9
12
15
14
10
-1
2
2
1
3
-5
-1
11
7
4
4
1
6
11
4
8
15
20
19
-10
-20
-12
-6
0
3
-2
-8
-2
-2
-4
4
-6
-14
-14
-18
-17
-16
-2
5
-3
-2
-4
-9
2
12
7
9
6
6
19
25
22
15
15
6
-9
-4
0
8
-1
-7
4
-6
-5
-3
-14
0
3
2
7
-2
-12
-19
-14
2
7
1
-7
1
3
3
0
5
1
-9
-22
-31
-17
-23
-14
-12
-26
-8
-10
-11
9
10
3
-1
-6
-18
-24
-15
1
3
7
-2
-17
-17
-22
-16
-10
-6
2
3
15
0
-9
11
-2
-8
-3
-6
6
19
16
27
49
44
21
12
15
4
0
18
23
15
15
8
4
2
-10
-14
-9
9
6
-14
-12
-12
2
14
3
-6
-2
-1
-6
-8
12
26
14
8
6
8
6
-1
2
-1
-11
-9
1
6
5
6
14
17
15
11
3
3
6
6
3
-3
14
16
-7
-13
-16
-4
-1
-20
-21
-16
-17
-25
-25
-23
-16
-5
-14
-26
-20
-13
-3
-3
-7
-11
-12
10
18
26
14
1
12
-3
-9
-13
-16
-2
5
9
2
-10
-20
-14
-2
9
6
-8
-3
0
4
4
-4
11
25
18
3
3
5
0
-1
-3
0
-1
2
-1
-10
0
2
-6
-14
-10
0
9
14
11
5
4
17
19
14
15
12
9
5
0
-2
-16
-12
-2
-6
-11
-9
0
-3
-8
-1
-2
-4
-3
-2
5
-1
-2
5
2
-2
-5
-5
14
22
15
16
12
5
-11
-9
6
-8
-6
5
3
0
-11
-10
6
14
9
17
11
7
6
-6
-4
-4
2
7
-4
-5
-5
0
6
10
18
10
12
3
-6
-10
-14
-3
-9
-23
-20
-9
0
-7
-13
3
8
-7
-14
-7
5
5
0
6
9
-6
-2
5
-6
-3
-14
-19
-15
-17
0
-1
-5
6
1
-8
-11
-6
-1
8
7
-6
-9
-6
6
9
2
-3
-1
11
14
16
14
-6
-16
-6
11
6
-16
0
16
1
-3
0
16
20
-5
-6
-9
-13
-9
-20
-1
19
3
0
-2
-3
-5
-6
0
-1
-1
12
17
14
6
0
-3
0
9
14
14
23
27
9
-3
-7
14
21
8
9
9
7
-9
-20
-23
-21
-7
-6
-5
-4
-8
-8
-10
-4
1
3
-2
-6
1
2
-5
-10
-11
-11
1
13
6
6
1
2
8
-7
-19
-15
5
16
8
5
5
-2
2
19
17
10
11
11
7
-13
-20
0
1
-3
2
0
-7
-20
-26
-15
-1
-13
-16
-5
-13
-14
-9
-4
0
-2
-9
-15
-14
-15
-8
-6
4
10
3
5
6
8
12
7
11
10
-2
-3
8
11
10
14
14
14
11
5
8
6
14
28
20
5
1
3
6
-5
-20
-16
-17
-14
-16
-15
-2
-5
3
14
-2
7
19
-1
-12
3
9
3
-2
-10
12
12
6
29
21
4
3
5
5
3
2
0
3
-5
-14
-17
-10
0
-7
-11
0
-3
-8
-4
-3
-2
4
5
5
3
1
8
3
8
21
11
6
14
8
-5
-2
-1
-14
-15
-19
-35
-27
-19
-22
-19
-22
-21
-21
-20
-3
-9
-12
-3
-3
-3
-10
-9
-6
-1
16
4
-9
0
5
12
14
5
9
20
18
20
18
20
20
5
8
19
18
9
11
10
-2
-9
-3
7
-6
-9
4
5
3
-1
-3
-6
-11
-3
-8
-13
-1
2
-6
-4
0
-12
-5
8
-2
0
1
-11
-4
1
4
0
-11
-2
8
12
8
15
24
8
-6
-10
-5
6
12
12
10
2
-8
-8
-5
3
8
3
9
10
-3
-7
15
29
14
4
0
1
2
-2
-8
-6
2
-9
-18
-18
-30
-20
-6
0
-3
-18
-13
1
3
4
4
2
3
1
0
-1
5
12
11
14
12
0
-3
-9
-22
-20
-8
15
13
-7
-11
-4
-7
-16
-19
-9
6
8
-2
-9
-7
-3
6
7
8
11
3
9
14
11
5
1
21
18
2
0
-2
4
-5
-15
-12
-1
6
-5
1
6
4
6
4
0
-11
0
3
3
14
-5
-18
-6
5
0
0
8
4
5
4
-9
-8
4
5
3
0
-7
2
10
7
5
-3
-10
-4
-3
-6
-4
3
1
0
-5
-8
-9
1
3
-3
8
1
-5
-2
-15
-6
15
23
8
-9
-3
-1
-1
-2
-11
-7
-8
-11
-3
1
3
2
2
-15
-16
-9
-12
0
-10
-13
-9
-20
-14
1
17
19
9
0
0
-4
-13
-4
7
18
10
5
9
0
15
15
-2
5
13
8
-2
5
13
6
0
19
38
20
4
4
-5
-10
-1
3
4
5
-4
3
20
17
15
7
-9
-11
-6
0
-3
-1
0
-2
3
-12
-15
5
7
-4
-6
-3
-14
-22
-11
-4
2
0
-14
-12
-17
-20
-7
-3
2
6
5
2
-3
3
2
-5
2
20
21
17
3
-11
-1
2
-4
-2
-4
4
0
-15
-20
-20
-18
-18
-20
-8
6
-3
-14
-11
-3
-2
-7
-5
-10
-5
13
8
-6
0
2
0
20
23
5
14
14
7
3
-6
-9
6
18
6
-5
-6
-3
1
4
-1
0
7
0
-3
3
-3
-8
-9
-12
-6
4
14
0
-7
5
-9
-11
2
0
19
14
-7
-3
8
7
6
7
6
5
1
10
5
-3
12
13
11
6
2
6
-3
3
18
15
9
1
1
1
-4
4
0
-5
-5
-5
3
6
7
3
-3
-4
-8
-6
-5
-3
-3
-5
-7
-12
-6
2
-3
-9
-5
-15
-9
3
-5
-13
-8
-1
-2
-16
-11
12
11
-3
1
9
-3
-5
6
0
0
7
1
-6
-3
-2
-2
1
3
6
6
8
15
9
0
1
-8
-18
-10
-6
-5
2
4
-4
-19
-13
7
8
6
12
5
-4
3
4
-12
-16
-6
6
0
-14
-9
6
2
-12
-8
-1
-2
-12
-12
1
9
13
8
2
7
3
-1
2
0
5
15
3
-3
1
-6
-5
1
11
6
3
11
2
2
5
3
4
17
23
19
11
3
-4
-1
-2
-5
2
-2
2
9
-4
-5
-3
-8
-10
-2
-1
-4
-6
-8
0
-3
-2
-4
-9
-5
-10
-10
-8
2
24
18
0
-1
9
3
-3
-7
-1
7
2
9
9
-6
-6
10
5
-3
1
-2
2
10
0
0
-6
-3
12
7
5
4
-8
-12
-7
-8
-6
11
13
9
16
6
-2
4
-4
-9
3
0
-15
-16
-9
-1
4
5
-3
-4
-3
-8
-5
2
12
3
-6
-4
-1
-4
-21
-24
-15
-17
-20
-11
-8
-5
2
-17
-17
-11
-14
-6
-3
3
6
-7
-14
-5
-1
0
2
3
-1
0
11
15
14
17
3
4
11
4
9
14
19
15
10
6
-11
-1
11
4
15
18
9
3
1
6
1
1
7
10
11
10
-2
-14
-21
-26
-16
-4
1
4
2
-5
-13
-12
-1
-1
-7
-6
6
11
0
3
13
11
3
-8
-15
-7
4
6
6
8
6
-1
11
18
8
5
1
2
-1
-6
9
14
0
2
2
2
16
11
6
3
-4
6
14
12
8
3
8
2
-13
-14
-8
1
3
-5
-5
-9
-3
-3
-18
-19
-20
-11
-6
-25
-19
6
-3
-12
-13
-20
-7
-9
-11
-9
-16
-13
-8
0
-2
3
19
12
3
2
-4
0
-1
6
12
12
17
12
11
-1
-11
6
-2
-6
9
-3
-9
-9
-9
-5
-4
1
5
9
18
14
7
8
10
1
-8
-3
5
8
6
4
2
-1
-9
-15
-12
3
16
15
6
12
9
-9
-12
-21
-14
6
3
1
3
4
15
16
2
0
5
9
2
0
3
1
1
10
17
27
20
1
-3
-8
-17
-10
-2
-3
-3
-17
-23
-12
-5
0
-13
-9
6
1
5
-2
-5
3
-7
-7
-6
-9
-6
-2
5
4
8
11
7
0
-7
-12
-8
7
10
-1
-11
-8
-2
4
-5
-18
-9
0
4
11
10
1
3
7
-8
-14
-2
3
4
3
9
11
0
-3
-15
-18
-2
-5
6
13
-5
-3
-12
-23
-12
-4
-1
0
-4
-4
8
16
6
-4
1
6
9
16
6
-17
-15
3
12
14
7
12
15
1
-3
0
3
8
12
9
6
-3
1
8
2
-6
-9
10
8
-4
7
6
-2
-6
-1
0
-5
4
-5
-8
8
0
-6
10
11
16
12
7
18
10
-6
-7
-6
-14
-3
0
0
5
-3
-9
-11
-8
-2
-9
-18
-7
0
-12
-16
-11
-6
4
0
-6
-9
-6
4
6
3
-2
0
-4
4
13
7
5
-3
-1
-1
3
4
-3
8
14
9
5
0
5
3
-2
9
6
0
-5
0
9
-1
-10
-3
0
-3
-6
-12
-8
5
4
5
2
-9
-3
-8
-14
-4
4
5
3
-2
-2
-12
-1
13
5
8
2
-3
0
-9
-11
-3
-5
-9
5
6
0
2
-9
-7
1
-2
2
15
24
16
10
11
6
-11
-8
6
1
0
-2
3
4
1
7
-5
-12
-14
-21
-10
-1
-4
-12
-18
-7
-6
-10
6
12
9
-4
-11
0
12
15
0
-2
9
3
11
12
1
0
-7
8
17
13
8
3
2
-12
-6
-6
-7
6
-4
-15
-3
0
3
9
10
12
14
9
-5
-9
-2
10
18
15
7
-1
9
15
0
-2
-3
-5
0
-9
-4
5
0
6
9
-6
-9
1
-1
-15
-8
7
9
8
-2
-19
-19
-11
-3
5
3
2
4
10
-4
-21
-6
2
-4
1
2
-5
-6
6
3
-4
-3
-12
-17
-6
3
1
5
2
1
2
-3
2
-3
-8
-2
-12
-11
3
-6
-14
-7
-3
5
3
0
8
3
-2
1
-1
2
6
10
6
3
11
9
1
0
3
8
5
-3
-2
0
-3
-5
2
-3
-13
-1
9
8
7
-7
-12
-6
3
4
2
-1
-8
1
3
-8
-1
2
-6
-9
-6
6
5
-2
-4
-11
-6
-8
0
12
-4
3
14
10
8
11
7
-3
11
8
11
20
10
9
7
6
8
6
1
-1
2
2
-1
7
6
-9
-6
-9
-15
-18
-20
-5
0
7
17
3
-1
-3
-8
0
-1
-9
-12
-18
-20
-13
-8
-6
2
-8
-8
11
-5
-8
4
3
8
0
0
9
0
-3
-6
-6
-7
3
11
2
12
10
1
0
-9
0
0
6
5
-14
-7
-5
-15
1
11
-1
-1
0
-5
-3
5
0
-8
-6
-1
4
2
-3
8
18
13
11
6
-7
-13
-8
-2
2
6
3
-2
-8
-4
-3
-3
2
2
15
22
12
12
-4
-9
0
-3
6
-3
-15
-5
3
14
9
6
19
15
8
9
5
2
1
7
16
9
12
10
-4
1
0
-8
-12
-11
-17
-12
9
8
-6
-8
-11
-11
-6
-1
-3
-11
-8
2
9
-2
-9
0
-8
-18
-11
-14
-8
2
-1
-3
1
6
8
3
-6
0
15
16
7
-3
-1
3
1
-9
-6
3
-3
-9
-6
4
-2
1
1
-5
3
6
7
6
-11
-12
-5
0
-1
3
9
-3
0
-5
-14
-9
-6
-3
5
6
8
7
-1
3
0
-5
-4
-7
-3
-8
-5
5
-5
-13
-3
2
-6
-5
-9
-5
9
12
6
6
5
-1
2
7
6
8
-3
-5
1
-7
-4
0
-3
0
-1
0
0
-3
3
2
3
17
16
6
2
1
-12
-4
0
-7
-1
-2
-2
1
0
0
1
9
11
9
11
3
0
0
1
12
14
13
19
19
12
3
-1
-1
1
5
8
-2
-1
-2
-11
-11
-12
-15
-14
-6
-2
-6
-3
-1
-4
-6
-1
0
6
11
3
-3
-1
1
-5
1
10
8
3
6
10
-3
-1
-7
-18
-11
-5
-1
0
-4
3
3
-3
-1
0
-2
-2
4
9
0
-14
-11
-8
-8
-9
-20
-12
2
1
2
5
17
19
0
-1
-1
-4
-2
0
5
5
4
-9
-8
-6
-15
6
15
3
4
0
-2
-9
-11
0
4
5
9
0
-3
11
4
-6
-10
-8
-2
-6
-3
-4
-4
1
3
1
-10
-17
-5
7
3
-5
-5
-10
-7
11
11
8
12
6
-1
3
8
13
13
14
17
4
0
-2
-7
0
6
4
-6
-2
13
11
4
2
-8
-5
-5
0
10
4
1
-7
-16
-15
-6
-7
-7
-10
-9
3
0
2
4
4
7
6
15
6
-10
-5
-2
0
9
7
3
0
1
1
0
11
11
-6
-11
-6
-6
0
6
-8
-9
3
-2
-2
-2
-6
3
0
-9
0
8
11
12
15
11
10
12
5
0
0
-2
-4
-8
-12
-5
7
3
-4
-7
-7
-6
-5
0
-5
-3
-12
-11
2
-2
1
10
4
5
12
2
0
0
-1
3
8
6
4
9
-1
3
9
1
-6
-16
-15
-6
-10
-11
-9
-7
-1
3
3
0
-10
-8
-6
-9
0
3
3
0
1
3
2
3
5
7
8
0
-4
-3
-3
0
-3
3
6
0
0
-5
-4
3
-5
-16
-14
2
3
-2
5
0
-6
-9
-1
0
-1
11
3
-1
1
-5
-6
-6
-4
6
8
0
-1
12
13
9
6
9
6
-3
-6
-7
-6
5
15
12
10
12
2
-4
5
9
5
8
-4
2
10
-7
-8
-12
-11
-5
-8
-12
-9
0
-6
-7
-2
6
8
-3
2
6
2
-1
-9
-8
4
1
-2
0
-5
-5
6
7
-4
-4
-9
-18
-3
6
5
11
7
8
16
12
10
-3
-12
-5
7
10
12
17
5
4
3
-3
6
3
4
14
8
3
4
-8
-15
-13
-2
5
-11
-6
6
7
10
9
-4
-7
-7
-5
4
-6
-9
0
6
3
-2
-6
7
9
4
14
1
-13
-14
-19
-17
-8
-6
-11
-6
-2
-5
6
7
0
3
-3
-5
2
5
-4
-9
5
-2
-8
0
-9
-9
-1
-5
-3
-6
-12
-8
-4
5
5
-3
-6
-8
-1
-5
-6
5
-8
-10
-6
-3
3
-1
5
8
7
1
10
17
8
6
6
5
2
4
-3
-5
2
7
5
-1
0
11
23
13
2
6
8
-1
2
8
1
9
6
-7
-7
-3
2
-1
-2
2
2
-6
-15
-9
-1
-2
-1
2
2
-1
3
9
5
14
14
8
3
-2
-2
-3
-1
-8
-12
-5
-1
-3
1
-6
-17
-8
-2
6
2
-1
0
-9
-12
-10
-2
12
12
11
13
6
-3
-7
-1
-4
-10
1
-5
-9
3
4
1
8
7
2
-6
-8
6
5
12
15
3
-2
-2
0
-6
-8
-7
5
0
-9
3
-4
-9
3
12
2
-1
-6
0
3
-5
3
1
-3
11
12
4
3
-12
-12
5
2
3
16
7
8
9
0
5
4
-1
-11
-9
2
-9
-6
5
1
-2
3
-4
-8
-3
-6
-10
-12
-9
1
5
-2
-1
-2
-1
0
-8
-3
3
3
1
5
3
-5
2
-2
-11
-5
2
1
-5
-5
-8
-12
-16
-16
-6
0
-3
0
0
-2
0
1
7
1
-8
-5
1
15
5
-1
11
-4
-9
-1
1
3
2
5
-1
6
14
9
7
0
1
5
9
0
-3
1
-6
-10
-1
6
0
6
6
-7
4
8
0
-7
-7
5
2
-6
-1
0
-1
-3
7
11
8
8
3
0
0
-1
-9
-3
14
21
14
5
8
6
-8
-14
-14
-8
5
9
5
-2
1
11
7
2
-3
1
12
8
4
-3
-12
-18
-9
-2
-3
-7
-6
7
10
4
3
1
-5
9
14
0
-6
-5
0
-7
-16
-9
-10
-8
3
3
3
-3
-9
-4
0
-1
6
10
-2
0
4
4
4
-8
0
11
6
-1
3
8
-2
-9
-4
-7
-12
-6
0
-3
-3
-8
-5
1
-4
-2
0
5
4
-9
-9
-13
-3
6
-6
4
16
9
7
-6
-11
0
0
13
14
3
-2
-1
7
0
7
9
-8
-11
-5
1
1
-8
-4
-4
-2
-2
-9
-4
-5
1
9
2
-4
-3
-5
-3
3
-3
-1
12
14
11
4
0
0
10
7
-1
3
-2
-11
-8
-10
-15
-8
-6
-2
2
5
9
8
14
5
-3
6
1
2
6
-2
-5
1
2
-5
-6
-7
-5
0
-4
9
5
-2
15
15
9
5
0
3
11
15
9
-2
-1
2
-2
2
-2
-2
4
3
5
0
-2
-4
3
0
-6
6
-1
-6
2
3
5
5
2
8
2
-5
0
-10
-11
-7
-11
-9
-8
-8
-3
0
-3
-2
-5
-14
-9
3
5
-2
-3
-2
-4
7
6
0
-5
-16
-6
4
0
2
6
7
5
2
7
0
-2
8
-3
-8
-4
-9
-4
5
5
3
0
-2
7
6
-8
-4
-3
1
7
5
6
-3
-3
3
-1
6
3
-8
3
1
-4
-4
-4
3
-1
7
13
3
0
3
1
-2
3
5
-1
-3
-4
-4
-4
-11
-6
-4
-10
-5
-7
-2
1
-6
0
-6
0
12
9
5
-1
0
4
-3
-5
-2
-1
4
7
5
3
5
-3
-6
-2
-8
-4
1
1
3
1
-5
-2
9
14
2
1
11
9
8
8
-6
-11
-3
-9
-8
6
2
3
8
0
-9
-8
8
12
8
14
13
9
4
-6
-14
-6
3
-5
6
6
-9
-6
-4
-6
-7
-4
-6
-5
8
7
-6
0
-3
-9
1
-3
-6
-3
0
5
0
-3
-2
-4
-7
-8
1
7
11
7
-3
-3
-11
-9
2
-9
-5
3
-2
5
9
4
0
0
-2
-3
-2
0
9
11
-1
-6
2
-1
-6
-14
-6
8
9
11
7
-7
-3
5
6
4
3
2
0
11
3
-11
-6
-6
-3
9
3
-3
-3
-1
-1
1
0
-6
1
1
-1
-8
-4
3
5
12
9
12
8
7
0
-4
-1
-8
-3
-1
-2
3
-6
0
3
-5
-4
-10
3
11
5
19
19
8
2
-2
0
-4
-5
1
-9
-1
11
11
5
0
-2
-16
-10
2
3
4
0
6
2
-3
-6
-4
-3
-10
-4
-9
-8
8
-4
-11
-4
0
0
0
-3
-8
0
6
4
3
3
11
14
-2
-5
-4
-8
-9
-4
-3
-5
1
3
-7
-8
-5
-5
2
3
0
-6
-9
-8
-1
6
-6
-1
3
-6
-3
1
0
1
3
-2
-7
5
7
2
4
-2
0
8
7
7
9
0
4
7
1
1
3
4
-1
-3
2
8
-7
-13
5
-1
2
3
-9
9
10
-8
-1
6
1
0
4
8
12
4
-4
-3
0
-3
-14
-16
-8
-6
-9
-9
0
5
6
2
6
8
7
6
0
11
11
0
5
3
-9
-12
7
9
0
3
-2
-5
-4
-2
-8
-5
0
-7
-2
1
3
2
1
8
3
0
3
-2
4
6
-12
-11
0
3
5
-5
-4
-9
-12
-3
2
8
14
16
6
2
1
-5
7
13
6
5
9
5
1
-5
-4
-1
-6
-14
-20
-15
-13
-4
3
-3
0
-1
2
8
8
-2
-13
-8
4
5
3
1
-2
-1
6
6
2
-2
-2
3
-2
-9
-8
-3
7
6
-7
-13
-8
0
2
-2
1
3
0
-1
-2
-1
-6
-6
-7
-9
-4
5
10
8
0
-9
-10
-10
-12
2
2
5
9
-3
2
-3
1
17
9
7
-1
1
12
0
-9
-1
5
2
-6
-8
0
8
9
4
3
3
4
2
0
6
-2
-7
3
5
1
1
-2
-6
-5
-9
2
10
4
14
6
2
9
4
7
-4
-3
-3
-14
-10
-15
-6
3
5
12
8
-4
-3
6
6
5
-6
-18
-10
12
16
4
-1
1
1
-3
4
5
-6
-3
2
0
-3
-7
-11
-9
-2
0
10
4
-1
11
5
-1
0
5
8
0
-1
5
4
1
-6
-5
9
0
0
3
-6
-4
-1
-8
-5
6
0
-4
-1
1
0
2
1
-12
-11
-8
-9
-6
-1
0
-8
-19
-15
-9
-10
-5
4
-1
-8
-14
-1
8
3
5
-3
3
11
2
5
5
0
1
0
-3
6
7
-5
-3
5
3
1
-2
-3
1
1
-2
-1
0
1
3
-8
-8
8
9
2
0
3
14
12
3
5
9
10
4
9
18
11
9
8
-4
-1
0
-11
-1
2
-7
0
3
2
9
8
-5
0
3
-2
6
3
-2
-7
-12
-10
-13
-5
3
1
12
12
4
8
9
2
-9
-14
-5
-3
0
3
-4
-6
8
15
3
1
5
-3
-6
-5
-7
-13
-14
-6
-6
3
-5
-14
-6
-7
1
0
-9
-5
-7
-8
-8
-9
-12
-8
-3
3
1
-3
-6
-6
-6
0
2
-8
-7
-7
-7
4
7
3
-1
7
6
4
5
-6
-6
-3
-5
-8
3
6
-6
0
-7
-5
20
21
12
5
6
11
3
-1
8
5
4
14
16
9
13
14
9
1
5
3
0
5
-3
5
9
5
-1
-8
2
7
3
6
6
14
18
2
13
16
14
21
7
-1
0
2
6
2
-2
-13
-11
5
4
-7
-5
-10
1
9
0
0
1
9
2
-7
-4
-3
0
-7
-12
-11
-14
-11
1
-3
-8
-4
-3
-8
-12
-5
-2
8
6
1
3
-2
-1
-5
-1
3
-3
7
0
-13
-8
-11
-9
1
2
1
9
11
-3
-12
-8
2
10
6
10
7
3
14
15
6
5
6
6
16
19
10
5
9
11
7
14
25
7
3
6
-5
5
3
1
15
7
9
11
-1
-7
-14
-5
-4
-13
-13
-20
-14
-11
-6
-9
-20
-10
-13
-17
-15
-23
-32
-40
-29
-25
-33
-30
-31
-29
-25
-26
-21
-23
-29
-32
-35
-28
-24
-33
-31
-26
-30
-27
-22
-14
-11
-23
-23
-14
-21
-26
-13
-12
-7
1
-6
0
-3
-4
7
-3
3
15
9
17
14
4
12
14
17
29
32
26
27
31
29
29
28
23
24
28
29
24
29
32
32
37
43
42
32
30
36
37
36
29
22
29
34
31
35
43
35
17
15
21
28
29
25
19
17
18
15
9
12
14
8
13
12
12
14
14
10
-6
-7
-1
0
0
-3
-3
-6
-3
-4
-11
-23
-20
-10
-13
-18
-17
-15
-9
-13
-30
-24
-19
-28
-17
-16
-27
-27
-25
-26
-25
-35
-38
-23
-17
-20
-26
-32
-31
-26
-18
-25
-35
-27
-17
-20
-24
-18
-14
-23
-24
-21
-22
-18
-17
-21
-27
-19
-11
-16
-18
-20
-8
-9
-13
-2
-8
-8
-13
-11
-8
-15
-6
-8
-8
-2
-8
-6
-5
-10
-7
3
6
6
7
3
13
13
-4
-2
9
12
12
9
10
16
12
12
13
6
15
8
4
11
19
23
11
5
-3
0
16
13
14
23
20
9
14
17
15
29
26
24
28
31
26
18
18
16
17
24
20
18
20
23
20
13
13
14
13
13
23
26
23
13
6
10
4
11
12
0
11
13
3
6
9
12
9
8
7
5
7
0
-1
-4
-5
-1
3
1
-2
6
8
-3
-2
3
-6
-4
1
-4
8
8
-6
-3
-4
-6
4
2
-13
-9
-5
-14
-6
6
2
-3
-6
-4
-1
0
0
-6
-9
-5
1
7
5
-11
-15
-15
-20
-12
-1
-10
-17
-9
-12
-17
-16
-16
-20
-10
-6
-19
-16
-17
-19
-14
-17
-12
-18
-23
-23
-23
-26
-22
-21
-18
-10
-19
-18
-23
-31
-22
-29
-27
-14
-16
-10
-13
-22
-16
-18
-17
-17
-15
-5
-10
-6
-8
-16
-15
-19
-17
-18
-13
-13
-13
0
-5
-8
1
-8
-9
4
0
-4
0
8
11
9
14
23
20
8
16
19
11
25
28
23
18
30
40
21
20
32
28
31
28
20
24
19
14
22
22
22
27
29
30
35
31
26
26
24
32
32
24
26
25
18
23
29
29
26
18
20
17
9
13
23
23
16
19
18
17
19
14
19
17
8
-1
-3
-4
-8
0
-1
-11
-10
-16
-13
-3
-8
-13
-16
-9
-10
-17
-8
-15
-22
-20
-25
-24
-23
-34
-32
-16
-16
-19
-18
-29
-25
-28
-39
-30
-29
-22
-21
-22
-16
-20
-19
-28
-38
-31
-23
-27
-34
-24
-31
-34
-18
-11
-7
-10
-11
-11
-17
-19
-19
-11
-9
-6
-12
-25
-18
-12
-14
-6
-12
-19
-14
-5
-4
-8
-17
-19
-12
-12
-11
-4
8
2
-7
-8
-6
0
-10
-13
-3
3
2
-5
-11
-6
9
8
2
2
-3
-7
5
13
9
14
22
1
3
12
4
9
-2
6
12
6
15
20
29
28
13
7
12
12
9
17
17
22
29
29
26
31
38
32
35
31
27
34
33
31
37
46
41
34
35
36
33
23
30
43
42
37
28
26
26
22
20
20
15
16
18
16
15
20
14
-7
-14
-12
-15
-19
-16
-11
-18
-25
-27
-31
-23
-31
-36
-29
-40
-36
-35
-36
-34
-33
-26
-31
-32
-31
-25
-29
-38
-34
-31
-23
-15
-16
-16
-12
-15
-16
-11
-3
0
-7
2
7
6
4
1
3
-6
-6
5
3
9
9
4
6
0
2
0
-9
-2
0
-9
-13
-14
-18
-17
-2
-7
-24
-17
-12
-16
-11
-6
-13
-19
-23
-23
-27
-31
-26
-23
-24
-26
-19
-11
-21
-23
-20
-27
-23
-15
-21
-26
-16
4
9
9
5
-3
4
12
22
25
19
26
27
34
45
56
55
44
43
45
59
62
60
71
66
73
75
68
73
71
61
63
73
66
70
70
66
63
49
46
42
40
40
41
46
30
17
12
3
5
5
-5
-15
-13
-13
-22
-22
-23
-36
-37
-26
-30
-35
-38
-33
-38
-59
-61
-56
-57
-45
-43
-47
-48
-60
-61
-52
-53
-43
-32
-41
-41
-43
-37
-29
-28
-18
-14
-19
-22
-18
-18
-11
0
-3
-8
-9
-8
-5
2
2
0
4
5
0
4
3
-6
-4
-14
-27
-21
-12
-14
-20
-23
-28
-25
-16
-25
-30
-37
-41
-31
-32
-36
-36
-36
-28
-40
-40
-32
-38
-37
-40
-26
-21
-26
-17
-12
-10
-17
-12
0
-3
3
14
11
-1
3
14
19
18
15
20
24
29
23
32
53
53
50
45
44
49
48
44
45
47
48
52
46
49
51
46
52
51
41
28
37
42
29
40
40
29
34
34
35
32
28
25
31
28
12
8
9
7
7
9
9
9
8
5
4
6
3
5
1
1
15
8
7
9
6
13
14
14
2
-1
12
14
17
17
13
18
15
19
19
14
18
19
10
11
19
10
12
22
16
11
4
8
3
0
1
-10
-10
-11
-18
-17
-17
-18
-25
-30
-37
-41
-36
-32
-43
-50
-49
-56
-52
-74
-78
-66
-71
-68
-64
-69
-75
-69
-67
-80
-85
-78
-74
-65
-64
-63
-55
-63
-61
-55
-66
-67
-56
-51
-44
-43
-37
-29
-34
-31
-31
-32
-20
-14
-9
4
5
-5
0
8
16
32
34
35
38
42
33
34
45
52
66
50
33
43
42
50
49
44
42
46
51
46
60
66
48
39
38
35
33
31
29
19
19
33
35
22
18
15
17
6
3
14
6
9
11
16
30
26
25
28
22
19
18
17
18
20
18
25
25
17
5
7
20
25
23
24
20
16
25
31
24
25
29
23
21
23
21
24
26
26
30
31
23
14
12
19
14
8
6
8
9
1
3
-3
-10
-18
-22
-11
-21
-19
-12
-15
-18
-31
-36
-37
-30
-37
-49
-40
-44
-54
-53
-49
-54
-57
-49
-54
-57
-40
-49
-62
-59
-55
-50
-45
-42
-42
-52
-52
-45
-34
-28
-32
-23
-17
-16
-12
-19
-17
-12
-13
-11
-12
-8
-3
-6
3
0
6
15
14
19
20
21
23
25
30
28
34
31
28
29
29
37
36
37
32
26
37
40
34
29
28
25
34
31
25
34
22
19
22
25
18
8
16
1
-9
5
2
4
5
-6
-15
-9
-8
-5
-4
-8
-17
-17
-13
-21
-23
-25
-23
-19
-23
-20
-20
-28
-22
-13
-22
-25
-17
-17
-6
-6
-13
-9
-6
-5
-11
-6
0
-5
-2
1
0
3
3
6
11
15
20
20
26
28
20
20
26
19
18
20
15
16
23
31
28
20
11
3
0
9
15
12
16
26
19
4
-1
1
-4
-4
0
-1
-5
-9
-16
-10
-2
-16
-15
-15
-23
-18
-9
-19
-25
-18
-9
-12
-23
-22
-20
-18
-11
-8
-14
-22
-23
-20
-21
-15
-8
-9
-14
-20
-17
-11
-4
-3
-15
-20
-24
-24
-16
-10
0
2
-6
-7
-6
-5
11
8
5
10
-3
7
16
11
19
21
19
20
21
30
27
26
33
26
32
38
42
39
28
34
24
17
20
31
46
37
36
42
40
44
34
26
26
26
32
28
21
18
18
23
17
26
29
12
11
9
-1
-14
-12
-8
-10
-20
-35
-34
-28
-32
-41
-40
-48
-40
-37
-38
-39
-52
-49
-51
-51
-48
-48
-37
-38
-35
-36
-40
-37
-38
-38
-29
-25
-22
-15
-12
-9
-6
-3
1
7
10
15
17
22
23
20
21
24
29
29
29
29
28
34
40
35
39
39
33
27
25
20
14
15
14
11
5
4
-2
-9
-5
-17
-26
-18
-24
-37
-40
-37
-41
-40
-34
-51
-60
-52
-60
-55
-53
-57
-49
-49
-41
-34
-34
-37
-35
-25
-20
-8
-11
-15
-8
-3
-4
4
8
5
2
6
15
21
17
26
34
28
33
37
36
31
35
42
40
48
38
27
35
35
28
32
37
31
40
48
31
33
34
21
29
43
32
13
15
19
20
21
29
28
11
17
27
23
35
25
15
29
23
22
34
36
34
42
40
36
43
48
48
43
35
34
37
34
37
40
38
33
34
45
29
16
17
6
9
10
6
1
-10
-20
-28
-31
-46
-52
-57
-72
-70
-80
-80
-80
-89
-95
-101
-101
-109
-115
-119
-120
-122
-128
-118
-112
-111
-108
-108
-104
-85
-77
-74
-66
-54
-55
-60
-52
-48
-37
-26
-27
-23
-14
-4
2
5
16
16
18
29
38
44
46
47
52
56
49
56
62
52
56
60
57
57
56
62
65
57
45
45
51
54
46
36
40
37
31
32
38
32
21
16
14
13
9
12
10
6
-7
-4
5
-9
-5
-1
-3
1
-6
-7
2
8
11
3
6
22
19
11
16
21
27
28
30
35
38
34
37
43
37
38
33
29
35
38
40
40
29
20
20
23
20
5
4
3
7
8
1
-6
-20
-18
-24
-27
-18
-27
-34
-48
-51
-46
-54
-51
-52
-57
-53
-62
-69
-64
-62
-53
-44
-54
-56
-57
-69
-71
-63
-60
-65
-59
-48
-46
-41
-30
-23
-21
-18
-17
-17
-11
-8
-5
14
34
28
22
28
31
40
33
32
57
53
54
58
58
67
69
73
66
61
57
40
34
37
37
37
38
39
33
25
27
19
8
18
26
22
22
22
17
23
30
32
28
22
28
26
23
29
28
24
20
17
13
10
8
18
8
-7
3
1
6
6
-1
-8
-18
-12
-18
-33
-35
-43
-50
-58
-60
-52
-57
-62
-68
-69
-57
-62
-64
-63
-64
-62
-58
-60
-64
-63
-66
-61
-57
-52
-51
-49
-40
-36
-29
-23
-14
-2
0
3
10
12
17
26
35
37
26
32
32
33
37
36
49
47
48
46
40
46
44
34
29
34
39
23
23
23
15
20
15
24
29
15
9
0
-5
-6
-3
-4
-6
-5
-7
-8
3
2
1
8
-1
-1
3
1
12
20
8
7
12
22
26
25
28
31
30
23
22
24
38
44
35
43
32
13
20
18
20
26
15
11
20
18
17
11
6
4
-8
-12
-19
-20
-20
-19
-17
-12
-16
-24
-14
-20
-18
-1
-6
-3
-6
-11
0
5
0
-3
-3
-9
-14
-8
-7
-14
-16
-18
-17
-26
-24
-26
-36
-29
-30
-34
-33
-37
-36
-31
-34
-36
-35
-43
-43
-43
-41
-42
-41
-27
-20
-15
-12
-15
-7
3
7
9
2
1
15
18
16
18
23
30
35
42
45
45
41
35
28
23
15
14
27
19
3
0
-3
-11
-2
-9
-29
-17
-23
-36
-28
-26
-25
-28
-25
-25
-24
-20
-34
-42
-29
-22
-21
-17
-26
-23
-20
-27
-21
-11
-3
-3
-3
-6
-20
-12
-5
-9
-3
3
5
6
2
6
15
19
25
29
13
9
15
11
14
17
16
14
12
13
13
8
6
4
6
8
0
1
-1
3
4
4
4
-11
-16
-12
-8
-10
-12
-5
-4
-11
-12
-9
-12
-3
-3
-13
-3
3
3
2
3
11
20
15
9
8
9
15
21
25
17
14
20
17
18
16
13
15
9
1
5
2
-2
0
-3
1
-6
-17
-20
-19
-18
-22
-22
-29
-36
-31
-26
-33
-35
-34
-33
-32
-34
-25
-19
-17
-15
-12
-9
-11
-1
2
-3
8
19
23
14
20
24
22
39
48
52
60
66
77
75
66
66
64
63
63
69
84
79
69
65
65
69
78
68
58
63
52
47
48
35
28
23
29
31
23
13
9
6
-5
-21
-28
-34
-47
-48
-49
-49
-59
-72
-75
-80
-88
-92
-84
-75
-74
-78
-83
-79
-77
-81
-79
-80
-68
-56
-66
-62
-61
-54
-45
-49
-44
-31
-23
-9
-7
-8
-3
-3
5
1
-5
11
13
11
20
13
10
22
20
28
39
44
46
33
31
31
31
29
34
41
40
41
39
46
39
29
28
20
25
25
25
38
38
24
15
20
16
7
3
1
-4
-12
-17
-12
-4
-9
-14
-18
-24
-20
-18
-26
-26
-18
-31
-36
-27
-34
-33
-32
-39
-38
-39
-36
-30
-26
-17
-29
-34
-23
-29
-29
-20
-20
-14
-9
-11
-12
-18
-24
-17
-16
-8
-3
-2
6
4
2
9
6
6
5
5
5
4
20
32
26
33
36
32
31
33
29
31
38
36
42
44
51
58
48
48
56
54
63
73
64
61
70
72
73
74
67
66
63
64
71
71
64
63
57
54
57
52
46
49
41
22
15
22
17
12
18
13
1
2
-8
-17
-13
-21
-28
-29
-35
-47
-54
-54
-55
-55
-63
-68
-68
-73
-73
-72
-80
-83
-75
-75
-90
-85
-74
-81
-71
-62
-59
-66
-77
-70
-72
-76
-72
-65
-54
-50
-47
-43
-45
-49
-52
-57
-54
-55
-54
-40
-32
-36
-43
-28
-15
-22
-20
-17
-21
-19
-23
-22
-10
-3
-5
-7
1
12
14
22
30
22
21
24
16
29
32
23
39
51
51
51
42
41
43
35
39
39
39
47
41
51
48
34
40
35
35
39
30
17
18
21
25
24
20
21
25
30
28
31
21
20
32
23
31
43
49
63
54
46
41
36
45
33
31
40
29
32
30
31
46
32
23
32
25
17
11
3
-8
-4
3
-8
-20
-14
-3
-12
-23
-22
-34
-31
-32
-34
-29
-25
-21
-37
-39
-30
-31
-23
-32
-40
-41
-44
-47
-53
-49
-45
-49
-41
-43
-54
-49
-55
-67
-53
-40
-40
-32
-37
-37
-35
-37
-30
-38
-45
-38
-38
-34
-31
-29
-17
-15
-20
-20
-9
-5
-17
-13
-12
-1
3
-1
7
0
11
9
0
8
8
4
0
15
23
4
6
20
17
21
22
30
32
20
31
28
22
20
22
42
35
29
26
31
43
37
44
39
30
33
30
39
45
37
38
43
39
31
31
35
37
43
30
20
26
33
29
21
14
11
17
20
10
3
9
2
-6
-2
-3
1
14
9
6
9
-1
8
10
-2
-2
-9
-12
-7
-8
-6
2
-3
-9
-4
-13
-24
-20
-15
-20
-25
-25
-18
-14
-9
-15
-24
-18
-19
-20
-28
-36
-37
-42
-34
-31
-26
-25
-36
-36
-26
-31
-38
-40
-31
-32
-37
-26
-19
-15
-16
-14
-3
-11
-13
-7
-5
5
6
8
21
21
8
20
37
32
37
36
25
12
8
11
8
12
11
10
6
4
7
14
19
14
4
-6
-6
6
16
11
-1
-3
-6
-9
-8
-3
-2
-6
-9
-19
-7
6
-5
-6
-11
-17
-9
-12
-8
6
0
-3
-1
-3
3
-3
-2
13
9
9
17
21
33
45
43
46
47
42
48
51
51
48
43
46
54
56
54
51
40
43
46
41
48
55
52
41
34
29
20
24
19
9
2
0
3
-2
3
-6
-26
-14
-14
-20
-18
-33
-33
-33
-40
-43
-42
-46
-52
-50
-53
-58
-55
-59
-58
-46
-51
-63
-56
-51
-49
-45
-51
-54
-58
-54
-51
-50
-48
-52
-49
-38
-29
-34
-37
-25
-17
-29
-28
-14
-11
-23
-22
-12
-9
-1
-9
-8
5
-2
3
6
5
-2
2
11
-8
0
20
17
20
18
15
23
24
14
17
22
19
27
37
33
35
37
31
31
35
33
29
34
43
34
22
26
31
31
28
39
43
39
43
48
54
50
48
43
35
43
48
49
49
49
46
48
53
57
51
43
46
41
40
39
45
57
43
37
36
38
43
39
37
31
20
23
26
18
18
15
3
-1
-9
-14
-11
-21
-32
-39
-42
