15
15
15
15
15
15
15
15
15
15
15
15
15
15
15
15
15
15
15
15
15
15
15
15
15
15
15
15
15
15
15
15
15
15
7
15
15
15
15
15
15
15
15
15
7
15
15
15
15
15
15
15
15
15
15
15
15
15
7
15
15
15
15
15
15
15
15
15
15
15
15
15
15
15
15
7
15
15
15
15
15
15
7
7
7
5
5
5
5
5
5
5
5
5
5
5
5
5
5
5
5
5
5
5
5
5
5
5
5
7
11
11
11
11
11
11
11
11
11
11
11
11
11
11
11
11
11
11
11
11
11
11
11
11
11
11
3
3
3
3
3
3
3
3
3
3
7
7
7
7
7
11
11
7
7
7
7
7
15
15
15
15
15
3
3
3
3
3
3
3
3
3
3
3
3
3
3
3
3
3
3
3
3
0
0
0
0
0
0
0
0
0
0
0
0
0
0
0