13
13
13
13
13
13
13
13
13
13
13
13
13
13
13
13
13
13
13
13
13
13
13
13
13
13
13
13
13
13
13
13
13
13
13
13
13
13
13
13
13
12
12
2
2
2
2
2
2
2
2
2
2
2
2
2
2
2
2
2
2
4
5
5
3
7
5
3
2
2
2
2
2
10
10
10
10
10
10
10
11
11
11
11
11
11
10
10
6
6
6
6
4
6
6
11
11
7
7
7
7
7
7
7
7
15
15
11
7
7
7
7
7
7
7
7
7
7
15
3
3
7
7
7
7
6
5
5
5
7
7
5
5
5
5
5
5
5
7
7
7
7
7
7
7
7
7
7
5
7
5
5
5
5
5
5
5
5
5
4
5
5
5
7
7
7
5
5