1.034650,-0.137876,0.625939,-0.084938,0.429929,0.030405,0.105943,0.065855,0.008411,0.150868,0.051925,0.123533,
1.235694,-0.287496,0.750846,-0.087755,0.416448,0.183768,0.088157,0.121736,0.034262,0.114137,0.135051,0.144616,
1.337038,-0.308961,0.732171,-0.067082,0.501231,0.190056,0.056524,0.185673,0.107018,0.107387,0.115477,0.168204,
1.384932,-0.237043,0.800928,0.040863,0.479128,0.088544,-0.017433,0.161600,0.167904,0.176995,0.055374,0.109172,
1.277385,-0.009983,0.743305,0.055438,0.416131,0.106501,0.076183,0.072211,0.177951,0.313167,0.078876,0.053921,
1.133600,0.035717,0.781667,0.006899,0.330739,0.130447,0.315241,0.151128,0.060798,0.263699,0.101413,0.057706,
1.238142,-0.133852,0.706148,0.053179,0.489485,0.190284,0.229240,0.222301,0.090092,0.143688,0.083754,0.106779,
1.380632,-0.216157,0.674351,0.011252,0.520856,0.206118,0.214526,0.249427,0.075865,0.146284,0.084544,0.109941,
1.307841,-0.076768,0.684643,0.001196,0.477741,0.216463,0.296026,0.237774,-0.000942,0.146060,0.139415,0.097925,
1.318853,0.021068,0.642209,-0.056389,0.451699,0.167928,0.295740,0.288136,0.075200,0.054114,0.109954,0.139966,
1.444121,0.005217,0.684369,-0.154902,0.405182,0.155509,0.313565,0.278761,0.096274,0.147396,0.036842,0.125265,
1.496074,-0.045767,0.726205,-0.129162,0.420564,0.075634,0.224219,0.310802,0.148569,0.196323,0.058120,0.138248,
1.525912,-0.163021,0.662268,0.032132,0.376135,0.081793,0.187542,0.236958,0.201302,0.196718,0.089101,0.125867,
1.335722,-0.145809,0.683572,0.084339,0.393167,0.190125,0.184887,0.177798,0.209538,0.160774,0.096216,0.109538,
1.298087,-0.074913,0.728114,0.070827,0.421360,0.122373,0.248884,0.106310,0.084589,0.225736,0.185128,0.135248,
1.308128,-0.077368,0.688542,-0.021639,0.432845,0.096908,0.332491,0.138730,0.094692,0.222054,0.124623,0.193748,
1.371577,-0.150936,0.692273,-0.038982,0.485463,0.101784,0.261339,0.193622,0.101701,0.135415,0.128208,0.258878,
1.324301,-0.125976,0.647602,-0.012083,0.505986,0.074709,0.257482,0.189139,0.101885,0.140148,0.111071,0.225177,
1.243202,-0.092161,0.705295,-0.051903,0.403827,0.140639,0.197689,0.202191,0.133000,0.212994,0.138522,0.078859,
1.334989,-0.187386,0.762075,-0.086160,0.291655,0.188280,0.175187,0.225363,0.118090,0.232685,0.163514,0.004728,
1.258178,-0.194975,0.691982,-0.076321,0.355257,0.182745,0.229466,0.118517,0.158813,0.220997,0.086769,0.113538,
1.271039,-0.004906,0.668751,0.084826,0.362114,0.099775,0.204724,-0.065144,0.224026,0.173574,-0.082232,0.153424,
1.697387,0.054121,0.717844,0.142723,0.467596,0.073945,0.141024,-0.188362,0.094832,0.131681,-0.233512,0.101310,
1.924182,0.100241,0.640464,0.142788,0.529553,-0.010193,0.024558,-0.205070,0.010246,0.047087,-0.228629,0.068366,
1.831728,0.336350,0.494002,0.179887,0.321797,-0.038907,-0.004957,-0.171791,-0.099843,-0.032873,-0.079744,-0.057513,
2.093243,0.176093,0.630818,0.009869,0.325402,-0.031617,-0.077932,-0.142129,-0.193529,-0.046850,-0.125325,-0.086126,
2.318493,0.059642,0.506950,0.066301,0.349982,-0.175256,-0.004294,-0.169238,-0.263231,0.031625,-0.159992,-0.088051,
2.367669,0.063925,0.509173,-0.000692,0.364242,-0.180054,-0.096679,-0.145761,-0.199085,0.027878,-0.197045,-0.091907,
2.168673,0.235593,0.366027,-0.014993,0.375179,-0.146116,-0.187209,-0.078761,-0.174005,-0.047742,-0.097582,-0.100722,
2.227813,0.022312,0.368950,-0.004689,0.431671,-0.276101,-0.087132,-0.117418,-0.306124,0.030964,-0.126801,-0.030870,
2.237522,0.027999,0.351098,-0.034627,0.443133,-0.244137,-0.149144,-0.146592,-0.259479,-0.001405,-0.166352,-0.039742,
2.475954,0.005031,0.270274,-0.026962,0.461947,-0.222864,-0.206695,-0.081594,-0.238030,-0.028174,-0.142135,-0.073106,
2.491906,-0.027129,0.356473,-0.039975,0.317849,-0.197347,-0.130849,-0.084496,-0.239862,-0.022107,-0.120520,-0.088461,
2.369468,0.085289,0.321171,-0.086192,0.285716,-0.182704,-0.085344,-0.126280,-0.191011,0.001375,-0.156509,-0.083885,
2.307427,0.129556,0.275678,-0.162205,0.355214,-0.178208,-0.052033,-0.110654,-0.208152,0.015757,-0.173505,-0.045021,
2.379758,0.118905,0.321614,-0.260442,0.310860,-0.049622,-0.079062,-0.161263,-0.171213,0.025426,-0.163883,-0.066641,
2.452427,0.147180,0.301748,-0.300938,0.307592,-0.034944,-0.032594,-0.144032,-0.232128,0.062960,-0.129678,-0.093934,
2.297711,0.139563,0.198171,-0.118492,0.413501,-0.198377,-0.003244,-0.116389,-0.219583,0.047090,-0.161529,-0.020109,
2.239723,0.110518,0.263055,-0.161309,0.360819,-0.087451,-0.001516,-0.170485,-0.196166,0.085441,-0.130398,-0.052728,
2.360530,0.043350,0.323880,-0.249900,0.328662,0.062873,-0.033676,-0.177475,-0.189812,0.131417,-0.061811,-0.097587,
2.342607,-0.049320,0.157869,-0.025887,0.391559,-0.001013,-0.125605,0.021238,-0.202635,-0.044928,0.036721,-0.061960,
2.336669,-0.006594,0.028936,0.033421,0.485634,-0.086501,-0.020655,0.022467,-0.202247,-0.018740,-0.030376,-0.004227,
2.104143,0.231939,0.203945,-0.077892,0.525290,-0.050157,0.067260,-0.058580,-0.199962,0.039847,-0.117334,-0.014737,
1.998072,0.167418,0.351822,-0.078802,0.529072,0.062928,0.059958,-0.114859,-0.145475,-0.082913,-0.159910,0.045422,
2.003065,0.082534,0.343620,0.064436,0.603275,0.064235,0.111553,-0.078088,-0.200241,-0.152960,-0.165967,0.089702,
2.012595,0.074329,0.130839,0.119269,0.632524,0.112626,0.118310,-0.197242,-0.050082,-0.022518,-0.216266,-0.055875,
2.036716,0.038994,0.076274,0.139967,0.609306,0.056141,0.129348,-0.136017,-0.056868,0.030473,-0.205952,-0.114500,
2.137322,-0.132055,0.192598,0.067000,0.646007,0.145900,0.143637,-0.049246,-0.150932,0.142506,-0.107826,-0.135811,
1.989643,-0.105053,0.230070,-0.045359,0.664813,0.192646,0.130293,-0.043895,-0.080588,0.185700,-0.106017,-0.085478,
1.607614,-0.020623,0.581005,-0.058043,0.527847,0.141106,0.122181,0.041215,-0.019449,0.066888,-0.083561,0.094038,
1.494665,-0.052646,0.641778,-0.164008,0.447608,0.110085,0.093376,0.086889,0.006015,0.068448,-0.088447,0.095927,
1.414586,-0.064487,0.645941,-0.101871,0.325845,0.165223,0.128140,0.039727,-0.066383,0.090579,0.007725,0.022753,
1.527149,-0.037705,0.676091,-0.152010,0.239015,0.139938,0.139899,-0.017655,-0.106765,0.109473,-0.042686,-0.014852,
1.427064,-0.047942,0.684462,-0.238130,0.301843,0.068346,0.116855,0.123758,-0.143174,-0.060112,-0.069884,-0.004552,
1.349217,-0.206113,0.531259,-0.170878,0.410517,0.072515,0.053430,-0.008537,-0.139699,-0.071298,-0.057918,0.048952,
1.488011,-0.187526,0.431693,-0.131806,0.371227,-0.033670,0.051804,-0.110873,-0.097940,-0.068032,-0.132181,0.092126,
1.440611,-0.139575,0.483272,-0.241427,0.279387,-0.104330,0.089526,-0.026876,-0.109479,-0.005141,-0.116831,0.031780,
1.289180,-0.172080,0.451505,-0.250700,0.321722,-0.006804,0.080551,-0.018528,-0.035013,0.022662,-0.115004,-0.022369,
1.222079,-0.217008,0.417565,-0.251833,0.325634,0.016654,0.088238,-0.072160,0.001329,0.100380,-0.178241,-0.045736,
1.190567,-0.102927,0.545232,-0.287274,0.328701,0.045054,0.043970,-0.067482,-0.069085,0.094942,-0.124502,0.025871,
1.176018,-0.174647,0.589766,-0.283369,0.225867,0.029805,0.104527,-0.030711,-0.087480,0.143213,-0.051065,0.001350,
1.354090,-0.226394,0.521645,-0.172696,0.234425,-0.043785,0.128092,-0.094190,-0.057510,0.209857,-0.121468,0.006384,
1.296996,-0.239573,0.548696,-0.119318,0.230448,-0.114679,0.145680,-0.108285,-0.102804,0.077157,-0.177434,0.048746,
1.242105,-0.170081,0.609105,-0.269030,0.152761,-0.170956,0.060448,0.012260,-0.182035,-0.002278,-0.071116,0.012546,
1.295097,-0.267849,0.572936,-0.229934,0.234986,-0.108297,0.008833,-0.001743,-0.122694,0.030301,0.010184,0.116529,
1.305977,-0.571679,0.232586,0.015289,0.127527,-0.188643,0.179236,-0.080475,-0.205874,0.029835,0.079594,0.102780,
1.401351,-0.572989,0.120183,0.148635,0.139824,-0.123971,0.290898,-0.069707,-0.165212,-0.051223,0.023717,0.038330,
1.284527,-0.541422,0.210548,0.114324,0.232802,-0.031447,0.282684,-0.036883,-0.100995,-0.073399,-0.014710,0.065429,
1.148799,-0.608175,0.395396,0.159010,0.444373,0.044710,0.289533,0.044886,-0.019851,0.000103,-0.041452,0.231023,
1.520002,-0.489046,0.314571,0.097997,0.532914,0.116166,0.348265,0.047705,0.017961,0.089323,-0.054072,0.227648,
1.720618,-0.346658,0.203747,0.051230,0.581217,0.230641,0.340088,-0.120163,0.074211,0.181649,-0.092190,0.163382,
1.609541,-0.283061,0.106926,0.106777,0.572007,0.197463,0.379239,-0.053749,0.029465,0.101339,0.004778,0.156195,
1.568569,-0.278810,0.056170,0.129043,0.579094,0.209985,0.380010,-0.023888,0.055382,0.077054,0.027090,0.153418,
1.601405,-0.463738,0.148214,0.148941,0.519673,0.195351,0.424396,0.021387,0.062185,0.079399,-0.001902,0.194683,
1.493397,-0.398211,0.264504,0.130867,0.526468,0.221979,0.396369,0.037805,0.024132,0.001537,0.047229,0.288109,
1.498026,-0.403039,0.324411,0.117354,0.483126,0.178261,0.348332,0.071276,0.071979,-0.005664,0.030612,0.283837,
1.540841,-0.486943,0.361596,0.102044,0.511337,0.148681,0.216113,0.135855,0.136721,0.050856,-0.011553,0.189619,
1.507577,-0.402560,0.324473,0.104682,0.519555,0.174050,0.235255,0.073702,0.156722,0.050598,-0.051774,0.174700,
1.324653,-0.387612,0.334470,0.078533,0.490606,0.217247,0.266060,-0.005590,0.183880,0.085687,-0.028697,0.166529,
1.282865,-0.391929,0.338491,0.054773,0.421085,0.181394,0.294103,0.077014,0.182245,0.152321,0.025480,0.061886,
1.412173,-0.398377,0.336553,0.061301,0.390627,0.162731,0.298031,0.104852,0.167988,0.119856,0.034539,0.106385,
1.402248,-0.475286,0.403797,-0.030815,0.400723,0.192558,0.333996,0.168868,0.161724,0.008066,0.014340,0.235795,
1.317389,-0.437250,0.382485,0.047876,0.426087,0.239338,0.374247,0.107045,0.105874,-0.069549,-0.025022,0.261494,
1.283128,-0.530134,0.327604,0.247161,0.495895,0.134196,0.377326,0.094758,0.091691,-0.006078,-0.152933,0.194256,
1.350258,-0.436608,0.299792,0.110813,0.634359,0.155474,0.366360,0.147274,-0.029772,0.043065,-0.125267,0.168061,
1.201387,-0.109827,0.112513,-0.058198,0.648229,0.246824,0.491485,0.029871,-0.113370,0.117175,-0.044559,0.140957,
1.452946,-0.185843,0.033150,0.057766,0.630679,0.223955,0.575467,-0.074667,-0.085252,0.077938,-0.050240,0.194077,
1.558885,-0.250580,-0.016624,0.019961,0.699189,0.280547,0.546876,-0.068943,-0.101195,0.092788,-0.051162,0.211653,
1.559689,-0.331419,0.092464,-0.176770,0.761114,0.411564,0.433459,0.000929,-0.143564,0.118374,-0.056880,0.190456,
1.564824,-0.304017,-0.029078,-0.144290,0.799890,0.423811,0.464759,-0.041690,-0.137365,0.116595,-0.037676,0.197021,
1.543034,-0.189288,-0.264025,-0.121766,0.934633,0.415521,0.440205,-0.132538,0.013293,0.060871,-0.008357,0.234005,
1.573912,-0.180631,-0.279581,-0.098101,0.907859,0.452274,0.419455,-0.134922,0.006522,0.057275,0.031881,0.209912,
1.698480,-0.261086,-0.300056,0.019107,0.839016,0.451133,0.503034,-0.155389,-0.059580,0.095163,0.060296,0.206871,
1.616760,-0.214354,-0.245566,0.051573,0.899712,0.389997,0.418839,-0.145612,-0.043939,0.140966,0.038443,0.183958,
1.607612,-0.293030,-0.163424,0.032016,0.944178,0.392882,0.346497,-0.096237,-0.058691,0.180574,0.038240,0.172816,
1.722813,-0.343223,-0.137595,-0.036225,0.922342,0.465013,0.371217,-0.137347,-0.045294,0.192117,0.027514,0.195974,
1.642097,-0.239495,-0.170003,-0.002129,0.940876,0.436080,0.408236,-0.174951,-0.044851,0.194400,0.031155,0.211136,
1.645024,-0.328635,-0.181142,0.062432,0.926535,0.416216,0.425640,-0.179813,-0.022925,0.199492,0.033479,0.208615,
1.667822,-0.438304,-0.120667,0.221275,0.822948,0.341523,0.438238,-0.072698,-0.106181,0.188951,0.082271,0.141211,
1.559777,-0.442904,-0.083038,0.147989,0.843895,0.401056,0.384237,-0.071029,-0.047480,0.176699,0.049224,0.147211,
1.611587,-0.465639,-0.045474,0.074985,0.891415,0.466843,0.293456,-0.098528,0.038199,0.185318,0.008751,0.152045,
1.627783,-0.460982,0.009949,0.191517,0.787937,0.446641,0.326923,-0.126645,-0.010549,0.215886,0.055853,0.110083,
1.636221,-0.358165,-0.009551,0.212898,0.762851,0.451033,0.288747,-0.128165,-0.026824,0.209104,0.095408,0.087157,
1.687551,-0.277006,-0.153162,0.280232,0.760640,0.437758,0.308873,-0.200558,0.031363,0.182099,0.104400,0.081189,
1.649526,-0.400658,-0.131121,0.288186,0.786474,0.408704,0.354931,-0.141162,-0.024708,0.198268,0.100886,0.092450,
1.552607,-0.416615,-0.087398,0.173687,0.788673,0.386752,0.372862,-0.042495,-0.035272,0.133680,0.067084,0.157304,
1.495570,-0.447984,-0.039332,0.036627,0.860750,0.438142,0.336547,-0.048982,-0.004745,0.140924,0.034141,0.189802,
1.600205,-0.396808,-0.054939,-0.028229,0.849747,0.516456,0.354190,-0.109152,-0.005935,0.165155,0.038441,0.190498,
1.636633,-0.426531,-0.023764,0.142068,0.776584,0.425265,0.417963,-0.165989,-0.013493,0.228648,0.022684,0.142251,
1.540458,-0.318129,0.002135,0.140994,0.790533,0.393278,0.421711,-0.152236,-0.015152,0.249416,0.012490,0.128941,
1.594706,-0.351625,0.036162,0.134663,0.715530,0.402507,0.355042,-0.055119,-0.056975,0.152811,0.091271,0.151542,
1.733091,-0.424479,0.088672,0.132642,0.693084,0.339944,0.326019,-0.029288,-0.071972,0.178461,0.086400,0.123218,
1.698381,-0.407064,0.027880,0.157946,0.730819,0.360001,0.303231,-0.131434,0.077167,0.184438,0.042317,0.166576,
1.627282,-0.478893,0.004556,0.252815,0.693484,0.309500,0.365070,-0.099451,0.083711,0.128745,0.054171,0.199083,
1.714241,-0.460653,0.077256,0.173673,0.604624,0.195964,0.410595,-0.014051,0.063596,0.107687,0.030233,0.246017,
1.690601,-0.339577,0.176352,0.121365,0.524329,0.166664,0.410847,-0.072890,0.104454,0.063557,-0.046260,0.286154,
1.570932,-0.341510,0.201367,0.179702,0.534382,0.108338,0.442013,-0.069011,0.019362,0.149393,-0.027566,0.166745,
1.436155,-0.258495,0.316534,0.198134,0.453419,0.011933,0.406838,-0.018615,0.000299,0.187226,0.048870,0.104322,
1.424346,-0.257833,0.402073,0.179042,0.347325,0.009268,0.406820,-0.070028,-0.010456,0.069372,-0.022814,0.167042,
1.376180,-0.221536,0.395578,0.141590,0.348806,0.007348,0.407293,-0.063767,-0.011432,-0.015444,-0.100380,0.186272,
1.344211,-0.248668,0.431876,0.108087,0.349140,-0.037180,0.260516,-0.062253,0.096985,0.084053,-0.035004,0.157728,
1.285761,-0.252502,0.400897,0.157456,0.394948,-0.077816,0.278192,-0.015278,0.047179,0.104502,-0.067848,0.078490,
1.329218,-0.189532,0.441450,0.094463,0.327690,0.011122,0.315656,-0.049418,-0.020713,-0.023764,-0.100946,0.138513,
