1.219328,-0.052986,0.692706,0.004248,0.256303,0.087503,0.242282,0.086959,0.100490,0.192305,0.135240,0.112816,
1.362627,-0.088833,0.696502,-0.034171,0.385919,0.265597,0.224447,0.139611,0.027346,0.165414,0.155263,0.083328,
1.390860,-0.179264,0.693410,-0.026687,0.460021,0.223677,0.181604,0.269421,0.143002,0.164122,0.059126,0.056146,
1.439632,-0.188161,0.728001,-0.083567,0.493234,0.141493,0.172333,0.256934,0.188935,0.198374,0.015141,0.157441,
1.396843,0.007385,0.580293,-0.100648,0.526440,0.125522,0.195187,0.255022,0.219919,0.145509,0.061025,0.164418,
1.419232,0.088175,0.633529,-0.124657,0.504158,0.135873,0.192158,0.248769,0.127745,0.103677,0.201288,0.207607,
1.440222,-0.027004,0.750635,-0.101166,0.472951,0.253551,0.184321,0.240481,0.097371,0.118492,0.123197,0.138288,
1.351459,-0.142829,0.689807,-0.009228,0.484836,0.186985,0.322745,0.173528,0.129712,0.195095,0.042756,0.208656,
1.307563,-0.069752,0.663248,-0.050628,0.500567,0.136657,0.276088,0.151886,0.185918,0.270961,0.068563,0.189237,
1.446926,-0.059705,0.678766,-0.016610,0.462603,0.117107,0.233132,0.237100,0.170367,0.214577,0.056719,0.147352,
1.463576,-0.082551,0.640991,0.138149,0.332111,0.020845,0.332413,0.233299,0.141718,0.250869,0.137165,0.125315,
1.491189,-0.109901,0.714529,0.042641,0.319975,0.120629,0.410449,0.130039,0.066078,0.224711,0.156533,0.224977,
1.326537,-0.083609,0.681323,-0.071413,0.469847,0.220697,0.328091,0.225131,0.078005,0.166147,0.174623,0.193674,
1.280102,-0.095834,0.711433,-0.163304,0.495359,0.251865,0.312245,0.382489,0.088880,0.141792,0.088985,0.097196,
1.273673,-0.098191,0.573191,-0.016884,0.475686,0.187388,0.363407,0.316946,0.080956,0.169333,0.119950,0.102940,
1.421107,-0.109153,0.635097,0.024573,0.488053,0.168276,0.260954,0.192100,0.103535,0.181359,0.166501,0.186272,
1.287221,-0.162889,0.690208,-0.049350,0.540559,0.236817,0.165851,0.187837,0.178686,0.192176,0.139098,0.158939,
1.242421,-0.232334,0.722933,-0.038809,0.503061,0.223977,0.187353,0.316690,0.187667,0.106961,0.128077,0.151789,
1.289554,-0.173677,0.639135,0.012694,0.443754,0.153105,0.334688,0.215495,0.185704,0.166565,0.056966,0.198768,
1.260791,-0.114818,0.724218,0.027461,0.400911,0.087604,0.262909,0.169558,0.157429,0.286703,0.101765,0.118350,
1.186791,-0.041459,0.733455,-0.027957,0.466483,0.057844,0.173454,0.258888,0.115457,0.272361,0.173946,0.064624,
1.236013,0.031101,0.673486,-0.094953,0.464660,0.044151,0.231430,0.274879,0.113643,0.228786,0.128679,0.109925,
1.232815,0.025097,0.650744,-0.020913,0.437256,0.033550,0.327128,0.237369,0.127636,0.145629,0.054883,0.178290,
1.295120,-0.072715,0.721051,-0.014828,0.457510,0.115703,0.183625,0.320508,0.135519,0.106874,0.057617,0.103328,
1.624351,0.084454,0.751565,0.008686,0.438612,0.077364,0.040744,0.034088,0.050281,0.168541,-0.025832,0.054100,
2.073791,0.139961,0.718919,-0.029047,0.429334,0.027133,-0.111186,-0.124830,0.053325,0.188921,-0.182628,-0.070260,
2.167287,0.153561,0.624113,-0.069782,0.419304,-0.038268,-0.145894,-0.070906,-0.016331,0.121332,-0.187156,-0.152784,
2.230569,0.107243,0.501073,-0.124411,0.519650,0.011016,-0.134713,0.007768,-0.130941,-0.019877,-0.173119,-0.141653,
2.168628,0.124130,0.421002,-0.059153,0.566804,0.000668,-0.100959,-0.034935,-0.120532,-0.007837,-0.207803,-0.129964,
2.231733,0.105996,0.437175,-0.108235,0.581676,-0.052558,-0.116653,-0.051765,-0.106327,0.011835,-0.276223,-0.100803,
2.252245,0.061156,0.368510,-0.154356,0.601664,-0.034584,-0.126273,-0.058869,-0.138425,-0.026982,-0.287720,-0.087302,
2.345478,-0.064231,0.343284,-0.120244,0.580568,-0.025425,-0.135593,-0.070703,-0.197216,-0.066993,-0.270464,-0.075871,
2.329566,-0.050618,0.291487,-0.133707,0.551764,0.008494,-0.177640,-0.091106,-0.168620,-0.106463,-0.249405,-0.098955,
2.512013,-0.161557,0.353143,-0.157478,0.407026,0.007034,-0.226282,-0.130771,-0.150058,-0.076312,-0.228082,-0.138856,
2.435951,-0.086321,0.286115,-0.188681,0.454091,-0.095249,-0.245215,-0.102776,-0.162944,-0.033510,-0.227257,-0.147890,
2.481379,-0.068673,0.285412,-0.246609,0.478519,-0.160399,-0.307911,-0.062730,-0.165808,0.020967,-0.217299,-0.188281,
2.491615,-0.040256,0.221800,-0.222291,0.501796,-0.115342,-0.330368,-0.073803,-0.153565,-0.001728,-0.176672,-0.201808,
2.569073,-0.031600,0.243518,-0.287212,0.498157,-0.145813,-0.311192,-0.073679,-0.171875,0.075948,-0.201654,-0.239926,
2.517794,0.036141,0.214625,-0.295451,0.475065,-0.193372,-0.339999,-0.023292,-0.118681,0.088381,-0.183510,-0.260744,
2.402946,0.084439,0.238638,-0.266216,0.494314,-0.202297,-0.373204,0.021294,-0.099192,0.066168,-0.168445,-0.268645,
2.355904,0.085591,0.216673,-0.238870,0.468717,-0.207792,-0.350872,0.026976,-0.094516,0.058318,-0.176655,-0.278227,
2.461057,0.066875,0.143813,-0.260510,0.487005,-0.206514,-0.313264,-0.013340,-0.105588,0.066249,-0.206622,-0.253135,
2.236781,0.142135,0.086629,-0.209456,0.421740,-0.124052,-0.382254,0.057666,-0.084154,-0.043901,-0.131724,-0.280856,
2.512965,-0.062969,0.256899,-0.350311,0.470794,-0.131687,-0.388600,0.088516,-0.128498,-0.030619,-0.166735,-0.313100,
2.441047,0.092039,0.147118,-0.308974,0.480812,-0.139454,-0.322075,0.132008,-0.101385,-0.016842,-0.179524,-0.323626,
2.457399,0.058186,0.112608,-0.354690,0.520162,-0.130310,-0.296057,0.071533,-0.120391,0.040101,-0.195934,-0.317008,
2.271026,0.141227,-0.059863,-0.209258,0.496329,-0.126444,-0.271190,0.088111,-0.085613,0.023252,-0.206927,-0.320407,
2.552440,-0.063770,0.083654,-0.217647,0.528361,-0.142604,-0.246597,0.189724,-0.095784,-0.030557,-0.231395,-0.313739,
2.430018,0.045276,-0.020459,-0.187402,0.527760,-0.070424,-0.210539,0.175219,-0.078608,-0.043023,-0.213812,-0.294064,
2.549988,0.033906,-0.100435,-0.209174,0.514699,-0.001620,-0.102863,0.092701,-0.044617,-0.009495,-0.206412,-0.242686,
2.468203,0.069954,-0.123830,-0.150149,0.446369,-0.006846,-0.012916,0.115768,0.019220,-0.006416,-0.211566,-0.217920,
2.501558,-0.003251,-0.023562,-0.265564,0.470652,0.012372,-0.001604,0.121564,0.005425,0.028455,-0.220871,-0.225626,
2.413615,0.070104,-0.032353,-0.378094,0.495560,0.142353,0.070191,0.112356,0.005332,0.035648,-0.150367,-0.151366,
2.266002,0.025282,0.004217,-0.258550,0.380301,0.175875,0.200781,0.090232,0.084025,0.043189,-0.128821,-0.084855,
2.041729,0.052998,-0.033914,-0.151058,0.313853,0.253398,0.262245,0.078980,0.102452,0.038139,-0.054770,-0.070018,
2.068348,0.010719,0.096928,-0.351273,0.491341,0.291560,0.280226,0.057944,0.054912,0.125042,-0.074984,0.017178,
1.954334,-0.060744,0.179447,-0.382224,0.526340,0.337976,0.218685,0.100876,0.047170,0.127475,-0.017397,0.023707,
1.980662,-0.117747,0.313411,-0.361573,0.424384,0.429194,0.257755,0.104680,-0.026312,0.154545,0.051060,0.010649,
1.880034,-0.110530,0.396609,-0.156263,0.350119,0.268046,0.262054,0.008166,-0.121944,0.163409,0.005584,-0.034673,
1.532882,-0.025570,0.668867,0.046087,0.359011,0.151903,0.254429,-0.035350,-0.208143,0.063432,-0.131066,-0.046735,
1.531416,0.002377,0.640528,-0.051955,0.224801,0.097880,0.228178,-0.029386,-0.170021,-0.027671,-0.127409,-0.034107,
1.498127,0.006930,0.673234,-0.116584,0.199665,0.055573,0.147347,-0.032409,-0.116361,-0.018476,-0.190390,-0.040954,
1.448844,-0.108810,0.598306,-0.113286,0.327786,0.013401,-0.015281,-0.056577,-0.145420,0.019468,-0.116299,-0.052914,
1.274426,-0.276607,0.615069,-0.149435,0.294633,-0.035817,-0.106101,-0.060209,-0.057326,0.079234,-0.103936,-0.093257,
1.235614,-0.293868,0.543661,-0.206708,0.344574,-0.030048,-0.007646,0.054367,-0.022863,0.017791,-0.146074,-0.057744,
1.200808,-0.203904,0.443687,-0.245198,0.390978,-0.047125,0.026967,0.082152,-0.069259,-0.061863,-0.125812,-0.053969,
1.180849,-0.094079,0.499333,-0.268353,0.453186,0.044486,-0.037721,0.050690,-0.096634,-0.122643,-0.159979,-0.029870,
1.163730,-0.102592,0.518719,-0.298466,0.419259,-0.012749,-0.000130,0.043804,-0.110362,-0.096038,-0.162870,0.001746,
1.077594,-0.165480,0.496574,-0.239151,0.431010,-0.013271,-0.006389,0.047161,0.027019,-0.020826,-0.158963,-0.032016,
1.147466,-0.145357,0.497686,-0.211079,0.371094,-0.052348,-0.003860,0.114007,0.052737,-0.055180,-0.093234,-0.008799,
1.216487,-0.196110,0.508631,-0.207131,0.257869,-0.101475,0.047752,0.094159,-0.075918,-0.073958,-0.015361,0.005053,
1.143203,-0.197955,0.512209,-0.230368,0.340174,-0.070985,0.130140,0.062206,-0.155316,-0.080961,0.031127,0.063649,
1.292516,-0.298897,0.406770,-0.308788,0.384119,-0.035942,-0.074535,-0.003659,-0.139371,0.055872,0.008148,0.015195,
1.481608,-0.391936,0.093834,-0.451771,0.606393,-0.100822,-0.312239,0.044472,-0.101308,0.076784,-0.029166,-0.045728,
1.341797,-0.386294,0.061428,-0.303887,0.600794,-0.103193,-0.181060,0.073244,-0.035858,0.060910,-0.113244,-0.039951,
1.121685,-0.459923,0.190207,-0.117686,0.584430,-0.090985,-0.016759,0.112425,0.139611,0.080978,-0.228279,-0.008907,
1.117688,-0.360370,0.362422,0.004984,0.737578,0.023214,0.020855,0.158371,0.281965,0.199077,-0.133618,0.045478,
1.528378,-0.262916,0.344993,-0.150887,0.674556,0.254288,0.106155,0.194417,0.088354,0.033136,-0.072080,0.105400,
1.560119,-0.107111,0.289602,-0.201644,0.531628,0.242423,0.288244,0.196805,0.007433,-0.033701,0.043377,0.208018,
1.293857,-0.045413,0.308078,-0.179531,0.655948,0.131591,0.215703,0.192188,0.045396,0.030664,0.032977,0.181141,
1.272339,-0.068716,0.221680,-0.152639,0.744976,0.109536,0.229571,0.232900,0.077161,0.033295,-0.057299,0.136755,
1.448105,-0.156764,0.350618,-0.174145,0.688883,0.155146,0.243857,0.235645,0.019812,0.035828,-0.107410,0.151140,
1.596143,-0.088825,0.310683,-0.349375,0.564638,0.186973,0.344927,0.258684,-0.062396,0.088993,-0.040325,0.111247,
1.829765,-0.133635,0.170480,-0.369063,0.686864,0.167986,0.259216,0.315067,-0.004226,0.117343,-0.091091,0.066046,
1.940900,-0.195622,0.190362,-0.436451,0.675558,0.200364,0.240515,0.368732,0.025133,0.120050,-0.106425,0.047506,
1.762832,-0.001801,0.212420,-0.530816,0.599729,0.209154,0.343906,0.371761,-0.038812,0.097274,-0.046163,0.063735,
1.661405,0.018015,0.182289,-0.416611,0.598784,0.215365,0.383321,0.325526,-0.061164,0.086593,-0.045335,0.056814,
1.790484,-0.142108,0.184779,-0.238952,0.590775,0.236071,0.445038,0.231906,-0.073095,0.124621,-0.112130,0.064262,
1.808038,-0.080376,0.113590,-0.325967,0.675976,0.277225,0.401618,0.252887,-0.080789,0.085026,-0.117422,0.070913,
1.780692,-0.037793,0.005718,-0.437176,0.769007,0.321425,0.355495,0.264246,-0.022359,0.030107,-0.117028,0.077348,
1.895815,-0.054523,-0.083571,-0.409157,0.740110,0.347472,0.401654,0.243537,0.001662,0.006049,-0.127524,0.098200,
1.924043,-0.059381,-0.079033,-0.427873,0.769356,0.377790,0.414807,0.250661,-0.094143,0.030986,-0.107558,0.089839,
1.832333,0.012517,-0.193475,-0.402283,0.882917,0.393858,0.400869,0.215326,-0.153429,0.059436,-0.083726,0.080696,
1.889935,-0.158735,-0.111836,-0.399801,0.895876,0.399487,0.366426,0.236800,-0.142823,0.068491,-0.094286,0.088248,
1.786658,-0.163770,-0.082866,-0.352650,0.878642,0.399482,0.384256,0.228378,-0.142751,0.054879,-0.076815,0.116541,
1.803097,-0.111572,-0.204033,-0.289181,0.930060,0.391952,0.365709,0.174859,-0.084821,0.064690,-0.059568,0.133461,
1.746635,-0.092699,-0.206742,-0.297219,0.968371,0.423486,0.337448,0.185557,-0.104235,0.068787,-0.027168,0.114068,
1.790212,-0.094151,-0.175345,-0.342763,1.015828,0.458455,0.322408,0.191772,-0.166838,0.121012,0.003181,0.100656,
1.834592,-0.171099,-0.161147,-0.237782,0.959647,0.460493,0.344394,0.145221,-0.151825,0.117654,0.008509,0.124753,
1.768711,-0.152929,-0.173850,-0.178423,0.880989,0.495685,0.366508,0.126380,-0.143873,0.077859,0.047964,0.135819,
1.836442,-0.240123,-0.020555,-0.248813,0.910199,0.552234,0.360276,0.024234,-0.146302,0.160125,0.035976,0.173171,
1.737652,-0.291633,0.079679,-0.219833,0.838042,0.589925,0.341686,0.016918,-0.111916,0.127476,0.036364,0.175687,
1.797447,-0.270065,0.092484,-0.274602,0.859628,0.595896,0.300116,0.022723,-0.069654,0.105731,0.024229,0.201279,
1.632279,-0.110733,-0.098682,-0.115949,0.870153,0.555815,0.296343,-0.004502,-0.063334,0.085500,0.082064,0.157719,
1.721746,-0.154980,-0.152617,-0.078468,0.864512,0.553270,0.354734,-0.092197,-0.015443,0.101579,0.062737,0.193944,
1.831995,-0.260128,-0.054462,-0.153925,0.876242,0.542241,0.372347,-0.110497,-0.067842,0.187392,0.007301,0.197042,
1.898783,-0.331616,0.122809,-0.196547,0.808574,0.559232,0.310730,-0.159095,-0.071579,0.215070,-0.060134,0.192794,
1.756411,-0.340661,0.132172,-0.159023,0.822745,0.541290,0.253070,-0.147451,-0.041150,0.180652,-0.049166,0.191760,
1.611116,-0.304957,0.157610,-0.140137,0.859033,0.422614,0.238220,-0.015898,-0.049711,0.167126,-0.061982,0.163503,
1.578177,-0.201657,0.217904,-0.152492,0.749228,0.357890,0.249391,0.004075,-0.059720,0.123029,-0.045245,0.177370,
1.437987,-0.136175,0.387103,-0.142431,0.563500,0.250277,0.224795,-0.004382,-0.066411,0.143338,0.043802,0.178540,
1.302334,-0.104629,0.395094,-0.070097,0.505872,0.164289,0.210597,-0.034298,-0.115098,0.201166,0.099307,0.113849,
1.301853,-0.155568,0.310962,-0.106598,0.583436,0.108918,0.157076,0.054129,0.020102,0.179527,0.039079,0.097169,
1.423407,-0.160946,0.417780,-0.281086,0.520706,0.048796,0.009069,0.129618,-0.034643,0.157735,0.089991,0.097191,
1.462784,-0.186084,0.545702,-0.250029,0.429011,0.051012,0.011319,0.150491,0.003529,0.158036,0.044105,0.065565,
1.409477,-0.178907,0.415338,-0.133775,0.433358,0.113498,0.046501,0.096854,0.065655,0.079065,-0.052576,0.045079,
