1.229454,-0.238480,0.795855,-0.034392,0.349956,0.065421,0.144529,0.184199,0.171093,0.277294,0.096984,0.098085,
1.268661,-0.121993,0.784780,-0.160605,0.444992,0.032056,0.093651,0.198876,-0.010828,0.201565,0.139707,0.120030,
1.281416,0.002771,0.722289,-0.138648,0.460269,0.100147,0.163916,0.180025,-0.021442,0.178324,0.029768,0.080327,
1.232803,-0.164817,0.696590,-0.061130,0.457433,0.064737,0.221993,0.241574,0.123321,0.179970,-0.011673,0.139715,
1.086508,-0.281917,0.774445,-0.025667,0.499879,0.002404,0.160105,0.332578,0.089883,0.210183,0.074247,0.079435,
1.103326,-0.204306,0.721598,-0.000422,0.479131,0.027576,0.209554,0.294410,-0.015562,0.117629,0.045310,0.089820,
1.213072,-0.250025,0.586689,-0.039465,0.517054,0.065147,0.271796,0.359581,0.039330,0.071435,0.038122,0.136787,
1.192195,-0.291183,0.622083,-0.024054,0.401980,0.115010,0.238591,0.324099,0.146940,0.131646,0.063795,0.061224,
1.193926,-0.190805,0.653554,-0.089335,0.420618,0.084380,0.212386,0.264180,0.165565,0.149447,0.083769,0.127868,
1.311916,-0.183445,0.715548,-0.164631,0.413059,0.101252,0.152635,0.259659,0.083649,0.144638,0.201448,0.153348,
1.367790,-0.281809,0.725332,-0.083434,0.373839,0.097932,0.063459,0.296200,0.092250,0.172230,0.206417,0.027352,
1.235034,-0.081724,0.730797,-0.027472,0.395686,-0.010388,0.123085,0.195332,0.192512,0.272974,-0.005759,0.085633,
1.165662,-0.040569,0.689811,-0.052580,0.451483,-0.014971,0.246743,0.224445,0.076146,0.243549,0.038221,0.108780,
1.130243,-0.047236,0.592361,-0.161692,0.500761,0.050692,0.305014,0.337067,0.049769,0.130866,0.119445,0.116249,
1.153347,-0.024026,0.601065,-0.140720,0.485758,0.143259,0.270973,0.228227,0.088733,0.097751,0.159669,0.149899,
1.482749,0.176983,0.713465,-0.006686,0.493833,0.066570,0.248963,0.100424,-0.073334,0.012676,0.013212,0.152212,
1.824673,0.323282,0.628316,0.006344,0.338192,-0.001757,0.218970,-0.042732,-0.139763,-0.040455,-0.025546,0.108503,
1.945773,0.312065,0.606468,-0.070556,0.290263,0.010364,0.118188,-0.010942,-0.146551,-0.141903,-0.095216,0.038170,
2.173955,0.237332,0.615883,-0.181334,0.299958,-0.017862,0.053400,-0.074356,-0.188678,-0.133209,-0.233653,0.010048,
2.441935,0.033296,0.511829,-0.166314,0.396183,-0.073925,-0.063729,-0.114796,-0.161688,-0.043305,-0.339533,-0.045356,
2.343877,0.158680,0.258930,-0.071618,0.453526,-0.139765,-0.043956,-0.039015,-0.145058,-0.092512,-0.240730,-0.050538,
2.390820,0.174012,0.111632,-0.051797,0.512653,-0.213329,-0.073322,0.072112,-0.104627,0.015127,-0.179770,-0.052672,
2.506801,0.102470,0.117138,-0.163367,0.498939,-0.216878,-0.069831,0.005056,-0.106487,0.074157,-0.203622,-0.039501,
2.632366,0.052405,0.087937,-0.228480,0.449878,-0.208964,-0.077266,-0.094190,-0.096306,0.090543,-0.242241,-0.034033,
2.532469,0.086323,0.104257,-0.247105,0.460794,-0.211870,-0.170965,-0.115385,-0.050766,0.107114,-0.228522,-0.073883,
2.469760,0.093988,0.064570,-0.227150,0.431389,-0.207252,-0.201803,-0.102810,-0.011367,0.084006,-0.198221,-0.090445,
2.577550,0.057245,0.122907,-0.230655,0.454309,-0.184997,-0.214243,-0.017728,-0.087890,0.038238,-0.202776,-0.131543,
2.633397,0.066156,0.049057,-0.221006,0.457148,-0.185522,-0.213437,-0.027136,-0.138798,0.012513,-0.195892,-0.155631,
2.642700,0.015847,0.026409,-0.299354,0.501522,-0.183444,-0.186179,-0.051475,-0.150861,0.062201,-0.234661,-0.139706,
2.474047,0.093961,0.032241,-0.308861,0.513926,-0.247684,-0.188175,-0.028908,-0.115385,0.095748,-0.256797,-0.138591,
2.490435,0.069793,0.063769,-0.309540,0.500345,-0.223506,-0.195449,-0.024669,-0.120398,0.088155,-0.251106,-0.163382,
2.663721,0.016770,0.076559,-0.191619,0.435136,-0.284217,-0.138110,0.062277,-0.133465,0.038832,-0.234731,-0.138547,
2.485873,0.152406,0.061325,-0.292042,0.488111,-0.237822,-0.181640,0.090741,-0.184469,0.027773,-0.224116,-0.186182,
2.459522,0.181136,0.092237,-0.389202,0.513160,-0.172951,-0.183278,0.106291,-0.175269,0.046106,-0.211762,-0.219847,
2.619221,0.081597,0.018406,-0.209709,0.460362,-0.215012,-0.208297,0.184124,-0.070705,0.045510,-0.193050,-0.269319,
2.760835,0.049566,0.048572,-0.294129,0.449607,-0.232975,-0.216630,0.193516,-0.051126,0.096920,-0.199437,-0.311684,
2.658606,0.143836,0.073839,-0.358470,0.418978,-0.174907,-0.190432,0.201376,-0.072317,0.086065,-0.165725,-0.332042,
2.613647,0.140096,0.083165,-0.299378,0.378513,-0.167364,-0.144827,0.169590,-0.045099,0.102414,-0.154327,-0.309102,
2.631993,0.174755,-0.035738,-0.255058,0.371823,-0.139549,-0.050222,0.093748,0.023427,0.122558,-0.179616,-0.256537,
2.453729,0.243256,-0.023104,-0.276348,0.397290,-0.111442,0.090193,-0.022079,0.105212,0.131710,-0.247599,-0.163139,
2.528775,0.218904,-0.093732,-0.274341,0.389920,-0.046437,0.163463,-0.077060,0.091725,0.108726,-0.241056,-0.151166,
2.472332,0.289857,-0.152766,-0.286653,0.426757,0.034886,0.179416,-0.030956,0.044324,0.053595,-0.211993,-0.166719,
2.525430,0.267238,-0.091746,-0.380011,0.395645,0.118265,0.193452,-0.043651,0.007440,0.028335,-0.217020,-0.156915,
2.520453,0.320229,-0.120348,-0.362393,0.447141,0.148273,0.238268,-0.047366,0.037770,0.086397,-0.172661,-0.141642,
2.481504,0.363058,-0.044535,-0.342536,0.454791,0.145728,0.329068,-0.022146,0.068151,0.159758,-0.164359,-0.109234,
2.442428,0.379461,-0.089111,-0.387073,0.478067,0.205366,0.328634,0.010593,0.093854,0.158692,-0.118817,-0.095042,
2.376905,0.315394,-0.158642,-0.341479,0.541861,0.196870,0.415772,0.049428,0.078617,0.198409,-0.097158,-0.036747,
2.279009,0.182667,-0.053508,-0.275365,0.489757,0.204892,0.399711,0.086912,0.106236,0.217789,-0.105947,-0.078640,
1.947623,0.246537,0.125649,-0.144376,0.480982,0.117552,0.300978,0.256749,0.157681,0.159245,-0.137436,-0.093554,
1.740024,0.069033,0.366678,-0.193617,0.444211,0.071405,0.309336,0.314944,0.066838,0.132401,-0.100501,-0.000098,
1.699815,-0.087780,0.463586,-0.112408,0.398618,0.139580,0.319457,0.155185,-0.057235,0.233310,-0.022783,-0.012158,
1.552615,-0.141474,0.423257,-0.156470,0.454139,0.147042,0.206747,0.135357,0.003790,0.148954,-0.100291,-0.032724,
1.432946,-0.037533,0.413495,-0.216532,0.456091,-0.021932,0.031443,0.204102,0.125820,0.028729,-0.119348,-0.016000,
1.575846,-0.080521,0.413871,-0.304715,0.333879,-0.103449,-0.026408,0.109969,0.005946,0.103501,-0.102901,-0.061509,
1.590804,-0.077289,0.446385,-0.340581,0.312967,-0.084832,-0.075697,0.150131,-0.106008,0.043654,0.004069,-0.087162,
1.671484,-0.178327,0.568386,-0.297834,0.303919,-0.072485,-0.142809,0.170328,-0.042624,0.017460,-0.057538,-0.098864,
1.641476,-0.200373,0.379150,-0.314568,0.364458,-0.058549,-0.078498,0.090474,0.053682,0.092220,-0.167115,-0.122658,
1.486809,-0.275778,0.364072,-0.257008,0.378253,-0.022058,-0.047704,0.102373,0.007108,0.067531,-0.108573,-0.149355,
1.501119,-0.350959,0.359200,-0.218970,0.341962,-0.080838,0.017437,0.029516,0.107150,0.110537,-0.242450,-0.062216,
1.509157,-0.381728,0.426464,-0.179736,0.299632,-0.153607,0.045348,0.066774,0.072379,0.147808,-0.277096,-0.072326,
1.457177,-0.337504,0.458275,-0.190762,0.249387,-0.247362,0.016373,0.137862,-0.113974,0.073341,-0.184484,-0.080459,
1.445066,-0.337875,0.394304,-0.295727,0.248703,-0.157554,0.052834,0.002926,-0.197136,0.064024,-0.114337,-0.021350,
1.401229,-0.383279,0.408548,-0.384599,0.221996,-0.033309,0.092390,0.071773,-0.088922,0.066558,-0.142622,-0.035267,
1.352951,-0.387496,0.413225,-0.355945,0.279093,-0.064703,0.049455,0.225435,0.001952,0.079780,-0.120953,-0.040688,
1.274751,-0.373089,0.355207,-0.301654,0.325442,-0.088857,0.043297,0.233347,0.051855,0.191552,-0.059400,-0.071038,
1.283350,-0.176005,0.085973,-0.402024,0.386356,-0.170330,-0.038312,0.056841,0.060230,0.094577,-0.154157,-0.029025,
1.467085,0.053421,-0.128623,-0.432425,0.729558,-0.172394,-0.141388,0.039403,0.021470,0.130974,-0.136459,-0.141789,
1.227299,0.093394,-0.175802,-0.380687,0.771975,-0.245455,-0.119079,0.105585,0.074404,0.155758,-0.116473,-0.226242,
1.037504,-0.052113,-0.171349,-0.304691,0.740460,-0.275491,-0.066733,0.218556,0.154413,0.154612,-0.158997,-0.281242,
1.258869,-0.219349,-0.008145,-0.116652,0.679394,-0.062180,0.071480,0.234233,0.284156,0.235675,-0.159057,-0.137889,
1.576852,-0.172485,0.081862,-0.089957,0.741344,0.153295,0.170999,0.102241,0.178298,0.186482,-0.091695,0.039274,
1.863517,-0.186004,0.051044,-0.250615,0.675340,0.223870,0.257613,0.144225,0.135859,0.164874,-0.032152,0.139934,
1.829295,-0.141757,0.110013,-0.307474,0.652917,0.292717,0.221432,0.190621,0.046575,0.151292,0.052436,0.081584,
1.623487,-0.037855,0.210843,-0.292602,0.612055,0.302803,0.269357,0.254069,-0.073364,0.132969,0.124907,0.064357,
1.729120,-0.034424,0.127586,-0.233566,0.608606,0.275603,0.301240,0.228356,-0.052343,0.189757,0.036666,-0.022593,
1.964018,-0.236201,0.129107,-0.221952,0.661559,0.214850,0.245092,0.231379,0.024458,0.195183,-0.070292,-0.034811,
2.000902,-0.224642,-0.021138,-0.204653,0.750370,0.229810,0.231181,0.223918,0.014118,0.161847,-0.078583,-0.032169,
2.152255,-0.104888,-0.126613,-0.263835,0.789017,0.245780,0.263612,0.153762,-0.003351,0.207224,-0.078768,-0.014797,
2.132397,-0.055819,-0.146544,-0.301046,0.808660,0.279106,0.246670,0.165675,0.022489,0.204995,-0.064904,-0.031635,
1.872936,0.016313,-0.202703,-0.248406,0.808085,0.300744,0.305040,0.120504,0.053300,0.100807,-0.047795,0.053004,
1.803502,-0.015698,-0.241982,-0.149358,0.775644,0.256948,0.379840,0.073098,0.065740,0.067633,-0.057187,0.108756,
1.842101,0.008716,-0.238005,-0.193958,0.720669,0.269473,0.438347,0.048641,0.120329,0.047183,-0.071209,0.125797,
1.989151,0.058632,-0.325529,-0.345587,0.869371,0.334783,0.311377,0.129734,0.056441,0.122235,-0.045638,0.034247,
2.125380,0.008809,-0.381848,-0.327413,0.883758,0.385422,0.275450,0.167964,0.009217,0.137954,-0.029484,-0.013437,
1.967650,0.056671,-0.358770,-0.289874,0.889384,0.369246,0.363945,0.009931,0.079553,0.084073,-0.049776,0.093308,
1.972356,0.028741,-0.304716,-0.346505,0.941849,0.395815,0.300243,0.062169,0.013700,0.113198,-0.034290,0.064342,
2.123999,-0.051717,-0.357171,-0.309202,0.940668,0.389095,0.327726,0.074272,0.011151,0.147436,-0.075802,0.053761,
2.004725,-0.006108,-0.367212,-0.294279,0.982187,0.369660,0.371310,0.061181,-0.043099,0.148288,-0.084028,0.094725,
1.914037,-0.055513,-0.355844,-0.191380,0.963930,0.353831,0.396568,0.053489,-0.048301,0.126125,-0.091131,0.113000,
1.852958,0.029023,-0.350349,-0.188018,0.961120,0.433467,0.327975,0.010391,-0.009596,0.101478,-0.009615,0.083962,
1.938371,-0.005419,-0.222058,-0.178582,0.950496,0.439619,0.333987,-0.027349,-0.034596,0.125678,-0.024631,0.116275,
1.986989,-0.044941,-0.192903,-0.177494,0.941994,0.449249,0.360164,-0.060070,-0.032651,0.139896,-0.026265,0.153219,
2.035198,-0.000263,-0.207921,-0.177281,0.946942,0.472463,0.332852,-0.013602,-0.070364,0.144459,0.010942,0.116326,
2.033880,-0.022764,-0.193579,-0.189420,0.914546,0.539567,0.286940,0.011366,-0.050506,0.110460,0.053201,0.093189,
1.891278,-0.072890,-0.098402,-0.115047,0.826909,0.549739,0.368567,-0.046730,-0.025235,0.102650,0.021366,0.141436,
1.858195,-0.057248,-0.017550,-0.121556,0.835541,0.477874,0.361491,-0.007186,-0.053615,0.111068,0.007619,0.165267,
1.851608,-0.039734,-0.026380,-0.077875,0.807074,0.421243,0.379441,0.039384,-0.062973,0.107952,0.031051,0.176549,
1.797230,-0.109231,0.094056,-0.150497,0.811941,0.481886,0.285958,0.029661,-0.025857,0.124329,0.049961,0.156729,
1.773507,-0.090487,0.099675,-0.087253,0.832922,0.453109,0.289062,0.007079,-0.019420,0.155329,0.024060,0.136549,
1.801705,-0.026750,0.011811,-0.057472,0.811057,0.468525,0.282360,0.040981,0.010460,0.123038,0.032469,0.098166,
1.630763,0.035383,0.108036,-0.158937,0.857145,0.481564,0.132880,0.075563,0.070969,0.056249,0.105256,0.091638,
1.587483,0.013771,0.142960,-0.190610,0.900293,0.460652,0.140806,0.060128,0.067970,0.072818,0.085960,0.117819,
1.783927,-0.041439,0.009610,-0.155525,0.900861,0.501795,0.238584,-0.012426,0.043014,0.113101,0.059675,0.160138,
1.874098,0.012264,-0.024356,-0.182175,0.988496,0.493228,0.206470,-0.006253,-0.045037,0.153878,0.092829,0.138596,
1.904239,-0.105701,0.042261,-0.191145,1.006894,0.535589,0.216632,-0.068450,-0.043006,0.218371,0.075462,0.164807,
1.900349,-0.129614,0.043930,-0.221168,0.986162,0.508790,0.228809,-0.052118,-0.007203,0.210529,0.018640,0.167222,
1.868607,-0.129815,0.033163,-0.203119,1.000091,0.520020,0.218081,-0.066964,0.012406,0.184081,0.018718,0.181402,
1.906965,-0.193960,0.046308,-0.137330,1.022691,0.512900,0.163304,-0.128725,0.010420,0.225640,0.056716,0.194598,
1.856693,-0.140485,0.025409,-0.103654,0.973289,0.471115,0.149962,-0.091070,0.055334,0.170114,0.063900,0.180418,
1.681076,-0.161028,0.113013,-0.002555,0.829362,0.353594,0.245536,-0.015059,0.124080,0.110219,0.038569,0.256403,
1.686821,-0.184434,0.165630,-0.031081,0.805680,0.242846,0.210673,-0.031708,0.115140,0.152396,0.030119,0.287050,
1.629361,-0.136728,0.194857,-0.046177,0.729220,0.130282,0.155169,-0.002286,0.163808,0.118719,0.074030,0.311344,
