1.267087,-0.116225,0.553268,0.101080,0.452170,0.101716,0.327549,0.121317,0.212027,0.221905,0.088056,0.187617,
1.203319,-0.049105,0.676486,0.090924,0.435884,0.089207,0.287676,0.175722,0.178639,0.276125,0.123288,0.128717,
1.266050,-0.079992,0.651704,0.063292,0.403545,0.128226,0.347461,0.200650,0.110807,0.271477,0.169110,0.113321,
1.448324,-0.051225,0.639515,0.106480,0.273957,0.054022,0.337695,0.199165,0.134071,0.295886,0.244921,0.122839,
1.504383,-0.009373,0.612857,0.110060,0.178014,0.044949,0.407870,0.089975,0.214339,0.280320,0.233298,0.213262,
1.428962,-0.015484,0.648125,0.062219,0.213529,0.193431,0.453644,0.055607,0.151143,0.278707,0.206044,0.177334,
1.328793,-0.045034,0.680085,0.065127,0.229865,0.154196,0.410457,0.087047,0.177169,0.287243,0.233666,0.165644,
1.376137,-0.018919,0.621441,0.033718,0.253226,0.154884,0.379276,0.107426,0.151288,0.276376,0.294562,0.175151,
1.360455,0.035271,0.615038,0.009701,0.247758,0.204345,0.256486,0.123835,0.291061,0.183470,0.270948,0.213749,
1.352621,0.011864,0.680515,-0.032311,0.184677,0.195352,0.265134,0.121780,0.293565,0.193398,0.242767,0.213300,
1.257528,-0.107782,0.774560,-0.007956,0.204318,0.085112,0.306805,0.223129,0.211827,0.276803,0.214460,0.119593,
1.220042,-0.184935,0.837900,0.051191,0.192026,0.041081,0.216939,0.171789,0.211667,0.275515,0.227841,0.133321,
1.119642,-0.188596,0.864421,0.125796,0.131307,0.055038,0.183678,0.078291,0.268933,0.229745,0.226468,0.164232,
0.587497,-0.544005,0.864448,0.199750,0.091296,0.001273,0.224312,0.110626,0.185638,0.127890,0.121074,0.076550,
0.364775,-0.676316,0.843327,0.260393,0.117228,0.010255,0.244223,0.127285,0.168076,0.077861,0.103279,0.060005,
0.458752,-0.570574,0.798388,0.226348,0.143585,-0.006430,0.220522,0.155972,0.151184,0.047333,0.162371,0.078156,
0.440686,-0.496705,0.767009,0.094256,0.100840,-0.004265,0.225624,0.198637,0.111376,0.003817,0.208442,0.095634,
0.258909,-0.601701,0.675042,0.101312,0.385870,-0.065399,0.201054,0.096173,-0.015101,0.127366,0.177820,0.076633,
-0.063597,-0.554805,0.701405,0.181359,0.445631,-0.142137,0.169618,0.034328,-0.100621,0.161809,0.189680,0.061676,
-0.360082,-0.552523,0.933856,0.248359,0.282629,-0.266907,0.082244,0.107974,-0.003983,0.041159,0.084452,0.125091,
-0.608254,-0.649959,1.114111,0.281771,0.275023,-0.262474,0.124774,0.220154,-0.007413,0.045899,0.061494,0.123292,
-0.602607,-0.855751,1.013229,0.289976,0.279322,-0.086895,0.265176,0.199807,-0.059871,0.141615,0.086782,0.064238,
-0.513540,-0.891067,0.888425,0.363691,0.377720,-0.064372,0.333560,0.182279,-0.081462,0.147561,0.082254,0.113375,
-0.353687,-0.879612,0.786464,0.258019,0.592803,0.012438,0.233793,0.230428,-0.063318,0.109969,0.068028,0.170718,
-0.264708,-0.835890,0.708167,0.276025,0.725448,0.140998,0.254849,0.242843,-0.054742,0.060368,0.152386,0.201217,
-0.255213,-0.778590,0.671382,0.282329,0.701989,0.225053,0.241437,0.189738,0.012218,-0.017734,0.204946,0.240912,
0.080968,-0.783508,0.589671,0.273338,0.717704,0.252123,0.271761,0.121459,0.000726,0.064980,0.201333,0.184840,
0.377479,-0.836022,0.526095,0.232143,0.783532,0.306364,0.306597,0.059543,-0.025823,0.211793,0.189324,0.093361,
0.421306,-0.810509,0.434688,0.150459,0.878530,0.379835,0.215246,0.071941,0.001635,0.145178,0.235210,0.086010,
0.657051,-0.741605,0.288268,0.143372,0.862426,0.401077,0.238704,0.072668,-0.009086,0.105569,0.242662,0.101074,
0.769150,-0.603154,0.072638,0.142509,0.908428,0.360352,0.310745,0.051903,0.029632,0.062095,0.203546,0.141746,
0.781686,-0.499916,-0.025655,0.099919,0.944380,0.399683,0.346016,-0.019138,0.031177,0.061881,0.193040,0.161401,
0.811880,-0.444780,-0.099009,0.039639,1.061253,0.384371,0.285704,0.030683,0.023445,0.045451,0.199726,0.152345,
0.798707,-0.451907,-0.007049,0.056618,1.045641,0.412254,0.201827,0.022643,0.040294,0.118731,0.162628,0.104385,
0.863163,-0.476816,0.053837,-0.022716,1.034201,0.511907,0.135657,0.062956,-0.035562,0.143182,0.207945,0.051208,
0.902127,-0.446468,-0.032533,-0.040675,1.059257,0.537454,0.139071,0.070049,-0.049379,0.109850,0.232233,0.049058,
0.992632,-0.464579,-0.062982,0.007747,0.992355,0.580227,0.172543,0.015111,-0.017327,0.105114,0.196591,0.082137,
1.007470,-0.380656,-0.076565,0.027510,0.935050,0.622160,0.214427,-0.099119,0.053770,0.108933,0.160196,0.130859,
1.012879,-0.231296,-0.110145,-0.049579,1.051856,0.588782,0.163894,-0.048064,-0.010968,0.146864,0.190301,0.100768,
1.030952,-0.042091,-0.285010,-0.131233,1.231568,0.507452,0.143840,-0.041124,0.003390,0.112963,0.276479,0.035839,
0.986682,-0.058373,-0.316901,-0.091360,1.184701,0.535491,0.175483,-0.097712,0.045125,0.055704,0.297272,0.061590,
1.050523,-0.061008,-0.366437,-0.086083,1.204079,0.520141,0.173629,-0.112428,0.058966,0.053018,0.293680,0.053738,
1.034924,-0.054728,-0.314722,-0.064619,1.172403,0.536806,0.149789,-0.123266,0.049205,0.070406,0.289389,0.058937,
0.988383,-0.131730,-0.179881,-0.040167,1.072455,0.595595,0.137275,-0.125345,0.018868,0.098655,0.240224,0.097894,
0.944637,-0.221000,-0.129621,-0.031824,1.028714,0.614748,0.135780,-0.090149,-0.030096,0.119629,0.209656,0.088911,
0.959262,-0.175121,-0.212905,-0.025045,1.059660,0.583702,0.148066,-0.109873,-0.000982,0.083315,0.220073,0.079342,
1.093730,-0.288506,-0.074986,0.024730,0.930456,0.647423,0.170938,-0.142162,-0.037838,0.158833,0.149670,0.110867,
1.131426,-0.289183,-0.048056,-0.042628,0.981861,0.654637,0.115302,-0.076390,-0.086001,0.157068,0.182272,0.079738,
1.098075,-0.287688,-0.089119,-0.031379,1.023679,0.642008,0.084087,-0.058920,-0.098957,0.160768,0.211434,0.059906,
1.077805,-0.309982,-0.115225,0.097579,0.939586,0.642999,0.148989,-0.189035,-0.011852,0.174771,0.169779,0.107819,
1.053308,-0.272339,-0.185526,0.194700,0.831232,0.660015,0.253215,-0.317875,0.088930,0.132796,0.157452,0.131362,
1.138079,-0.299653,-0.169355,0.119034,0.892397,0.659309,0.206588,-0.242853,0.040251,0.130634,0.169063,0.136378,
1.269204,-0.364395,-0.146586,0.150710,0.887716,0.645859,0.232249,-0.290220,0.035948,0.180101,0.142557,0.136401,
1.386777,-0.391020,-0.147109,0.185592,0.871545,0.644304,0.231804,-0.311147,0.047071,0.197339,0.137614,0.124387,
1.372028,-0.360316,-0.119775,0.078814,0.948368,0.682610,0.081582,-0.170115,0.011450,0.155705,0.199652,0.091825,
1.394283,-0.483449,-0.009392,0.051955,0.913752,0.729804,0.046880,-0.140189,-0.020985,0.161745,0.213482,0.074661,
1.355605,-0.390897,-0.022960,0.060875,0.914900,0.751209,-0.025639,-0.109759,0.005296,0.131683,0.235950,0.056836,
1.352848,-0.324655,-0.085332,0.154735,0.890912,0.705148,0.016704,-0.149171,0.016896,0.172961,0.202619,0.055403,
1.393088,-0.306853,-0.163535,0.178134,0.836548,0.704746,0.114791,-0.269355,0.118078,0.139383,0.171759,0.102970,
1.412248,-0.295135,-0.133434,0.047398,0.888862,0.740108,0.058876,-0.189216,0.100345,0.089123,0.206663,0.114184,
1.492034,-0.315250,-0.001244,0.016332,0.914737,0.711879,0.053900,-0.143919,0.010231,0.151895,0.197270,0.087139,
1.432212,-0.152979,-0.040517,0.008567,0.923923,0.690014,0.086023,-0.162366,0.046319,0.124156,0.193099,0.114838,
1.393941,0.072102,-0.064225,0.058164,0.933938,0.668116,0.118083,-0.181444,0.079392,0.101526,0.204500,0.121040,
1.373225,0.255524,0.067974,0.014580,1.003790,0.598007,0.193510,-0.172309,0.119642,0.115371,0.177908,0.163381,
1.356910,0.380589,0.235205,0.066467,1.022086,0.530325,0.233896,-0.196436,0.230071,0.104671,0.161847,0.208817,
1.388493,0.376995,0.294105,0.104480,1.004415,0.505805,0.265070,-0.197421,0.229127,0.091394,0.131553,0.239033,
1.331439,0.383533,0.349802,0.075916,0.956778,0.517862,0.286555,-0.144826,0.210960,0.054222,0.092200,0.261968,
1.338411,0.473089,0.271274,0.104628,0.966245,0.554292,0.321359,-0.136486,0.187153,0.031558,0.119674,0.239183,
1.384193,0.519405,0.268074,0.096252,0.995169,0.547720,0.320053,-0.095393,0.153983,0.013828,0.145140,0.226772,
1.311205,0.483138,0.357328,0.054057,1.034776,0.601105,0.236880,-0.018022,0.151504,0.035527,0.139234,0.203379,
1.343703,0.499603,0.426653,0.042218,1.034159,0.569010,0.233524,-0.002274,0.186926,0.033231,0.121680,0.201501,
1.314446,0.545943,0.439568,0.073364,0.878494,0.491836,0.290027,0.026951,0.129684,-0.002299,0.105152,0.193009,
1.342731,0.638989,0.411098,0.006742,0.845441,0.458796,0.364237,-0.012632,0.130180,-0.098885,0.143291,0.237178,
1.323971,0.685036,0.322430,-0.069585,0.894379,0.493084,0.330905,-0.045271,0.146328,-0.119789,0.222221,0.229068,
1.218672,0.556540,0.470088,-0.025869,0.851887,0.436275,0.330717,-0.008081,0.060941,0.015131,0.168208,0.260586,
1.247161,0.502148,0.419839,-0.085166,0.861585,0.449483,0.266172,-0.023251,0.118787,0.040082,0.156970,0.242798,
1.400122,0.525050,0.461171,-0.078687,0.912451,0.448906,0.265772,-0.038062,0.155776,-0.011840,0.149307,0.268791,
1.420067,0.559305,0.609248,0.044905,0.828875,0.419303,0.349945,0.014347,0.120681,-0.060669,0.130271,0.283282,
1.318244,0.477927,0.521018,0.178243,0.866914,0.440401,0.380977,-0.036837,0.144083,0.046523,0.117809,0.279129,
1.280941,0.390693,0.504766,0.198678,0.946705,0.467521,0.333528,-0.042023,0.169433,0.089972,0.151521,0.298120,
1.231064,0.487728,0.555963,0.246035,0.939981,0.454378,0.293661,0.014461,0.178996,0.060098,0.204978,0.235450,
1.488981,0.473474,0.584422,0.046357,0.908649,0.494964,0.246379,0.081457,0.148926,0.083688,0.117654,0.212263,
1.462564,0.462556,0.463725,0.109371,0.893764,0.485177,0.264719,0.046849,0.160420,0.094424,0.082652,0.179095,
1.333137,0.467931,0.420005,0.137547,0.975227,0.403871,0.273680,-0.022987,0.248324,-0.003937,0.103815,0.224658,
1.149954,0.433572,0.470881,0.151415,0.865440,0.361979,0.278863,-0.053518,0.190760,0.077580,0.109742,0.213654,
1.147710,0.491847,0.575655,0.155219,0.774815,0.333324,0.309184,0.005499,0.188588,0.052714,0.043560,0.200056,
1.247959,0.455478,0.772782,0.192683,0.781789,0.354471,0.297386,0.055108,0.150925,0.057560,0.077586,0.210841,
1.308534,0.494933,0.844702,0.246314,0.785302,0.320159,0.304613,0.075601,0.145532,-0.017932,0.150908,0.220255,
1.163295,0.339758,0.737143,0.256151,0.815718,0.333170,0.265414,0.031589,0.161951,0.023014,0.125424,0.221301,
1.101535,0.270031,0.655355,0.184281,0.762497,0.346743,0.197953,-0.027604,0.109231,0.141035,0.136562,0.145123,
1.059757,0.210351,0.670172,0.141597,0.741504,0.338435,0.209312,-0.069710,0.084281,0.178269,0.217401,0.168269,
1.065507,0.143458,0.636558,0.156901,0.804411,0.285053,0.253977,-0.021973,0.090639,0.185964,0.194800,0.227192,
1.016732,0.133768,0.637173,0.062346,0.702597,0.322720,0.278537,0.002155,0.137213,0.116248,0.147895,0.254399,
0.945936,-0.190397,0.859854,0.036191,0.549430,0.295655,0.226567,0.014597,0.102963,0.182701,0.124555,0.192225,
0.776603,-0.153803,0.823755,0.108670,0.496462,0.228844,0.130258,-0.039474,0.199294,0.146023,0.096871,0.091901,
0.565502,-0.009198,0.733459,0.010755,0.540356,0.105602,0.100465,-0.017124,0.221409,0.135714,0.075843,0.021377,
0.351105,-0.050160,0.812795,-0.143143,0.490469,0.156029,0.176511,0.078603,0.114122,0.168331,0.030891,-0.065805,
0.098541,-0.154781,0.936414,-0.177596,0.482007,0.166914,0.335584,0.241199,-0.024843,0.091870,0.007843,-0.038989,
-0.201594,-0.169434,1.020327,-0.068142,0.361972,0.161000,0.377446,0.278248,0.033643,0.036376,0.031677,-0.025402,
-0.472750,-0.167379,1.219815,-0.116398,0.257420,0.302086,0.235945,0.258475,0.098406,-0.009524,0.013892,0.011450,
-0.596966,-0.321342,1.290429,-0.164922,0.451576,0.371027,0.103609,0.236656,0.134422,-0.029141,0.001598,0.126112,
-0.663310,-0.321217,1.267325,-0.014168,0.457731,0.327866,0.135422,0.203909,0.060704,0.017492,0.064088,0.098486,
-0.641078,-0.323972,1.205638,0.043034,0.451664,0.293986,0.220294,0.165793,0.037806,0.027820,0.111017,0.056178,
-0.642466,-0.342260,1.181683,-0.017575,0.435981,0.222659,0.329260,0.197391,0.015538,-0.004746,0.071007,0.105651,
-0.616538,-0.216394,1.117013,-0.091204,0.368746,0.187393,0.348656,0.242990,0.122228,-0.048690,-0.042151,0.175705,
-0.672077,-0.237229,1.110096,-0.091623,0.393866,0.263659,0.300900,0.140236,0.172291,-0.040764,-0.053681,0.158453,
-0.597916,-0.275619,1.083734,-0.143536,0.416652,0.299469,0.330657,0.160863,0.110021,-0.036059,0.003739,0.079714,
-0.501667,-0.234025,1.101018,-0.165227,0.273468,0.196785,0.417918,0.335717,0.080588,-0.051353,0.018165,0.006949,
-0.414198,-0.256750,1.083797,-0.187084,0.237431,0.177111,0.379826,0.341666,0.038393,-0.013434,0.026222,-0.025677,
-0.562554,-0.378727,1.051949,-0.187107,0.319496,0.176968,0.315646,0.216224,0.064852,-0.012312,-0.021835,0.071380,
-0.513603,-0.394928,1.052414,-0.233076,0.223433,0.058834,0.247194,0.225328,0.154796,-0.019224,-0.063091,0.066617,
-0.430728,-0.388876,0.880285,-0.212621,0.250114,0.050210,0.206677,0.158531,0.142088,0.023004,-0.073222,0.016137,
-0.524334,-0.457804,0.866959,-0.317447,0.155837,0.006940,0.184731,0.222338,0.123340,0.028904,-0.104466,0.027394,
-0.591450,-0.481679,0.947952,-0.347311,0.045563,-0.038760,0.203012,0.211948,0.080727,0.035313,-0.077339,0.047048,
-0.599361,-0.534085,0.961895,-0.385393,-0.020780,-0.015215,0.250336,0.194321,0.217579,-0.036986,-0.100671,0.125185,
-0.645899,-0.554809,0.834357,-0.349847,0.035570,0.010761,0.283857,0.157550,0.241198,-0.047997,-0.079779,0.144832,
-0.516637,-0.380647,0.782237,-0.272086,0.056351,0.016581,0.284021,0.156071,0.176320,-0.054841,0.012917,0.048627,
-0.296541,-0.429496,0.756968,-0.322884,0.062992,-0.060660,0.267373,0.151373,0.257829,0.051655,-0.039883,0.035891,
-0.289518,-0.382109,0.756766,-0.426465,0.095993,-0.069788,0.184013,0.110300,0.274540,0.141247,-0.049445,0.028280,
-0.274924,-0.504886,0.952703,-0.327126,-0.049398,-0.031543,0.261140,0.151847,0.242530,0.078514,-0.072280,0.085891,
-0.252995,-0.574170,0.898030,-0.168539,-0.161611,-0.032499,0.380029,0.078329,0.335651,0.035177,-0.076056,0.135480,
-0.324653,-0.560838,0.890201,-0.164776,-0.100580,-0.018815,0.309557,0.054352,0.249925,0.085119,-0.079598,0.115048,
-0.442416,-0.474922,0.955185,-0.175221,-0.019891,-0.060753,0.199968,0.184863,0.049724,0.035867,0.023121,0.004697,
-0.373084,-0.440230,0.968232,-0.239943,0.108153,-0.057051,0.107979,0.244088,-0.016446,-0.009642,0.068113,-0.003324,
-0.271303,-0.378458,1.002481,-0.248977,0.116723,-0.012388,0.052230,0.201001,0.022350,-0.030217,0.006558,0.066922,
-0.285684,-0.243613,0.998630,-0.248412,0.053147,0.003215,0.049374,0.164146,-0.035370,-0.040815,0.041093,0.006265,
-0.426507,-0.283374,0.986684,-0.237900,-0.106773,0.019937,0.135797,0.234400,0.035647,-0.068087,0.050494,-0.017600,
-0.514636,-0.381849,1.005061,-0.242257,-0.170731,0.016653,0.216940,0.249178,0.141714,-0.038193,0.096103,-0.006158,
-0.308083,-0.365731,0.897476,-0.326851,-0.168826,-0.097775,0.131400,0.155125,0.182030,0.015252,0.003195,-0.006984,
-0.276736,-0.326692,0.882899,-0.421497,-0.095131,-0.158907,0.032085,0.201138,0.266169,-0.034764,-0.073030,0.081742,
-0.317678,-0.302325,0.973327,-0.319062,-0.050077,-0.151600,0.157494,0.293547,0.212546,-0.012332,-0.032423,0.070503,
-0.346408,-0.224062,1.024944,-0.233001,-0.109275,-0.126611,0.250679,0.301957,0.183885,-0.008712,0.048290,-0.027889,
-0.164053,-0.308923,0.955305,-0.347549,-0.096624,-0.114035,0.159620,0.282032,0.171442,0.072216,0.031506,-0.110366,
-0.150497,-0.488500,0.987819,-0.291506,-0.130457,-0.152597,0.168715,0.246763,0.132852,0.047729,0.004225,-0.138629,
