0.712540,-0.217159,0.354940,-0.395140,0.169879,-0.318137,0.052757,-0.067011,-0.149984,0.037738,0.009071,0.131651,
0.653653,-0.342455,0.312645,-0.334288,0.198247,-0.396963,0.031749,0.048451,-0.127048,0.021499,-0.069195,0.048765,
0.586281,-0.291740,0.227289,-0.282064,0.232006,-0.336962,0.074504,0.008160,-0.153232,-0.158636,-0.122707,-0.006945,
0.551545,-0.246665,0.184180,-0.257259,0.272501,-0.191457,0.065551,-0.150097,-0.058038,-0.025309,-0.035716,-0.013999,
0.618361,-0.291864,0.212425,-0.367871,0.076391,-0.108658,0.030576,-0.166327,-0.032777,0.132293,0.036923,-0.066983,
0.834122,-0.273124,0.351327,-0.329752,0.147048,-0.079347,0.075714,-0.045119,-0.067920,0.077046,-0.037784,-0.072747,
1.001384,-0.255585,0.382159,-0.244602,0.236798,-0.093089,0.102768,-0.015467,-0.101363,0.050146,-0.131665,-0.005742,
1.029975,-0.218819,0.409337,-0.260424,0.125672,-0.182266,0.036143,-0.105286,-0.023509,-0.037969,-0.213075,0.075209,
1.027934,-0.241944,0.420793,-0.305693,0.145141,-0.189953,-0.056195,0.033553,-0.042365,-0.013072,-0.043314,0.023732,
1.187903,-0.022604,0.537170,-0.087710,0.392635,-0.021029,0.027994,0.192158,-0.004243,0.127791,0.191410,0.030231,
1.449632,0.184580,0.839202,0.140889,0.586504,0.104065,0.111741,0.135624,-0.079434,0.076841,0.047862,0.029661,
1.551314,0.366672,0.906452,0.283544,0.680403,0.164494,0.066841,-0.008085,-0.078102,0.058206,0.031662,-0.017379,
1.654064,0.491250,0.818486,0.342104,0.818850,0.134456,0.027765,-0.088426,-0.009469,-0.027031,-0.000305,0.014929,
1.860540,0.359654,0.908935,0.323716,0.842916,0.140642,-0.020122,-0.053115,0.003112,-0.042902,-0.090377,0.051870,
1.945315,0.240482,1.007580,0.339171,0.868862,0.158520,-0.098907,-0.002944,-0.034239,0.015007,-0.091904,-0.034155,
1.811237,0.371045,0.908357,0.402599,0.819896,0.193549,-0.041436,-0.072485,-0.065520,0.088221,-0.007838,-0.111385,
1.795724,0.441150,0.795783,0.416251,0.815252,0.193715,-0.053956,-0.031703,-0.071617,0.034212,0.030619,-0.107551,
1.851580,0.380212,0.888831,0.329876,0.961397,0.192940,-0.131454,0.015533,-0.090721,-0.047697,0.042037,-0.077199,
1.780094,0.508247,0.850600,0.336467,0.974882,0.207540,-0.105912,-0.077172,-0.041875,-0.060310,0.035909,-0.067858,
1.686862,0.594137,0.685546,0.413040,0.738780,0.258262,-0.019045,-0.101277,-0.033772,-0.075067,0.069572,-0.063277,
1.820885,0.517512,0.768776,0.351519,0.833086,0.219558,-0.033969,-0.062310,-0.053509,-0.085128,0.031866,-0.033037,
1.921159,0.494680,0.757542,0.279948,1.015682,0.192412,-0.108234,-0.056256,-0.052587,-0.036426,-0.010039,-0.052648,
1.846469,0.490437,0.810257,0.335588,0.885221,0.235633,-0.022510,-0.126497,-0.038348,-0.051513,0.011177,-0.004067,
1.625098,0.644470,0.775864,0.395163,0.744110,0.260966,0.026136,-0.143107,-0.092475,0.018942,0.056353,-0.088772,
1.779956,0.554260,0.848646,0.352516,0.895254,0.162218,0.006420,-0.103127,-0.135084,0.064376,-0.008647,-0.080832,
1.759866,0.505118,0.859436,0.398216,0.747810,0.250943,0.028908,-0.208027,-0.033488,0.078071,-0.023234,-0.071830,
1.853867,0.453842,0.859997,0.337829,0.826631,0.260893,-0.016994,-0.165038,-0.032821,0.062459,-0.017920,-0.050598,
1.841764,0.520901,0.737840,0.348188,0.901174,0.206928,-0.036400,-0.134042,-0.029594,0.049560,-0.004627,-0.066991,
1.731139,0.624475,0.684100,0.321213,0.987761,0.145185,-0.067898,-0.110024,-0.050872,0.107049,-0.010308,-0.124071,
1.748277,0.588254,0.618007,0.324862,0.944538,0.206670,-0.064841,-0.088890,-0.036819,0.062381,0.041864,-0.105581,
1.854517,0.501520,0.677691,0.291565,1.051167,0.195065,-0.103745,-0.074174,-0.035687,-0.006084,0.026302,-0.060388,
1.790651,0.496586,0.709950,0.310305,0.974413,0.216340,-0.068609,-0.081683,-0.019897,-0.076142,0.054686,-0.016755,
1.765791,0.513694,0.652308,0.353419,0.882352,0.233905,0.004797,-0.180370,0.015294,-0.021834,0.041593,-0.004830,
1.761038,0.538405,0.631730,0.345004,0.844010,0.194548,0.053788,-0.181854,-0.049532,0.060971,0.018533,-0.023868,
1.794591,0.503235,0.681092,0.324621,0.992943,0.072002,-0.018236,-0.079595,-0.121419,0.002992,-0.018606,-0.012994,
1.676418,0.537997,0.705512,0.298499,0.886633,0.120369,-0.030677,-0.122147,-0.105287,-0.026665,0.036895,-0.040138,
1.702756,0.578164,0.742965,0.249982,0.810452,0.169371,0.001145,-0.185601,-0.158063,-0.026469,0.042058,-0.025460,
1.643569,0.645287,0.688413,0.258374,0.823755,0.096524,0.030161,-0.185361,-0.181426,-0.058143,0.038844,-0.016623,
1.586559,0.761071,0.579094,0.338103,0.852037,-0.078796,0.033073,-0.223712,-0.142185,-0.023021,-0.047571,-0.027724,
1.514503,0.843440,0.605511,0.204534,0.785134,-0.015749,-0.098322,-0.207955,-0.177521,0.010049,0.011170,-0.090559,
1.602125,0.863599,0.664932,0.024382,0.745109,0.094581,-0.184850,-0.227057,-0.202416,0.034018,0.068094,-0.063506,
1.643929,0.767262,0.790234,-0.042211,0.689344,0.129432,-0.196124,-0.201694,-0.202033,0.038894,0.071818,-0.022007,
1.673223,0.654874,0.717507,-0.012197,0.719636,-0.031648,-0.125465,-0.101925,-0.238911,0.087898,0.053130,0.005754,
1.539211,0.749871,0.717582,-0.045931,0.614233,-0.015618,-0.030054,-0.227000,-0.163591,0.111547,0.020083,0.106814,
1.511787,0.847304,0.715490,-0.077965,0.569640,-0.007365,-0.019336,-0.321761,-0.105300,0.118694,-0.002904,0.178588,
1.553204,0.836690,0.671745,-0.139583,0.650557,-0.098033,-0.020707,-0.151300,-0.172641,0.092854,0.035486,0.139644,
1.469804,0.832023,0.705706,-0.242354,0.628896,-0.013286,0.069558,-0.159503,-0.153765,0.038115,0.046474,0.203266,
1.522470,0.802502,0.643542,-0.253750,0.641715,0.072891,0.159115,-0.186128,-0.121934,-0.002098,0.039323,0.263713,
1.671820,0.764801,0.519370,-0.340512,0.720151,0.161982,0.148807,-0.163894,-0.094314,-0.023859,0.077894,0.294175,
1.636346,0.705071,0.487077,-0.413275,0.746434,0.238184,0.138019,-0.063792,-0.078578,-0.006017,0.104636,0.245683,
1.597228,0.654558,0.464842,-0.365424,0.671782,0.309585,0.155581,-0.047836,-0.042270,0.038819,0.099479,0.214560,
1.782254,0.483777,0.456222,-0.221363,0.576684,0.341470,0.121726,-0.066275,0.042637,0.154254,0.138210,0.189881,
1.736961,0.423383,0.451268,-0.195791,0.538993,0.431032,0.195099,-0.064706,0.089766,0.132094,0.149460,0.240341,
1.790935,0.340796,0.456105,-0.338117,0.627001,0.429381,0.156072,0.068210,0.041593,0.156149,0.178950,0.196156,
1.880503,0.304242,0.431574,-0.471163,0.701780,0.384612,0.098510,0.163034,0.069671,0.149925,0.187263,0.173854,
1.770898,0.289337,0.365011,-0.297923,0.590587,0.310527,0.097376,0.096630,0.218430,0.193252,0.183425,0.154944,
1.814236,0.197143,0.388639,-0.252780,0.501837,0.265339,0.127642,0.076211,0.226484,0.233907,0.166127,0.184910,
1.899185,0.283625,0.349604,-0.367953,0.536262,0.243425,0.130536,0.116343,0.215436,0.244274,0.173756,0.192479,
1.822774,0.396245,0.296069,-0.408693,0.583040,0.227255,0.135862,0.142266,0.246784,0.185818,0.160396,0.160637,
1.717513,0.315766,0.254573,-0.290585,0.654637,0.211295,0.059878,0.144516,0.223029,0.274983,0.206798,0.068856,
1.726977,0.200040,0.239278,-0.274225,0.758119,0.147568,0.002790,0.197671,0.211325,0.350756,0.236594,0.045106,
1.769354,0.126232,0.352769,-0.334904,0.655981,0.187871,0.073097,0.273611,0.225851,0.282310,0.152812,0.065118,
1.675881,0.195575,0.295911,-0.416271,0.629121,0.253758,0.192264,0.283058,0.176361,0.275225,0.133348,0.050923,
1.635680,0.139721,0.346588,-0.436481,0.633320,0.303428,0.138501,0.272911,0.229010,0.257758,0.155760,0.052872,
1.620963,0.127827,0.364129,-0.429169,0.699632,0.301983,0.026691,0.315645,0.231431,0.250105,0.224898,-0.012463,
1.544774,0.187707,0.312416,-0.441482,0.763653,0.378211,0.061685,0.310488,0.165103,0.246954,0.188692,-0.072198,
1.606499,0.214165,0.342145,-0.449630,0.767205,0.406321,0.040491,0.308454,0.155995,0.247150,0.181282,-0.091433,
1.718293,0.174121,0.334586,-0.375318,0.711743,0.359236,0.042241,0.298370,0.211181,0.250098,0.163032,-0.067413,
1.665751,0.259440,0.309368,-0.381328,0.717222,0.252483,0.100761,0.275837,0.244399,0.291027,0.116128,-0.009630,
1.572299,0.308764,0.338897,-0.385759,0.693329,0.223778,0.089537,0.321937,0.245054,0.259795,0.166821,-0.005186,
1.495359,0.262121,0.448224,-0.317199,0.657887,0.212122,0.077172,0.335116,0.269522,0.271837,0.128750,-0.001694,
1.458760,0.335891,0.517275,-0.210356,0.580974,0.207865,0.177228,0.249754,0.223739,0.189126,0.077230,0.103510,
1.409899,0.296893,0.478793,-0.161181,0.541247,0.260564,0.248419,0.219510,0.222188,0.195030,0.066368,0.113276,
1.357539,0.283491,0.451775,-0.262046,0.655290,0.192960,0.126171,0.275133,0.262267,0.257398,0.168393,0.077123,
1.296348,0.242170,0.432088,-0.240161,0.702122,0.208339,0.159411,0.292470,0.193736,0.217690,0.148775,0.072595,
1.364516,0.169933,0.403302,-0.151813,0.713538,0.256363,0.176081,0.232700,0.152980,0.272411,0.028134,0.035082,
1.323447,0.210337,0.368172,-0.243487,0.664643,0.248097,0.192081,0.231085,0.173132,0.251890,0.114534,0.067304,
1.333525,0.165625,0.342365,-0.133757,0.682990,0.163937,0.197171,0.158032,0.142114,0.171972,0.192939,0.171222,
1.204092,0.184619,0.375869,-0.160337,0.655733,0.150882,0.223253,0.194281,0.011209,0.037302,0.135296,0.164826,
1.127236,0.230335,0.303209,-0.188780,0.698977,0.182941,0.253203,0.227200,0.110018,0.014844,0.054414,0.125674,
1.207957,0.180853,0.440218,-0.175145,0.683325,0.158641,0.201243,0.233120,0.130384,0.137316,0.028320,0.102452,
1.265160,0.245785,0.417547,-0.226201,0.688764,0.117056,0.157245,0.176092,0.074255,0.145762,0.122518,0.122607,
1.238064,0.257293,0.363518,-0.219074,0.699381,0.021837,0.168139,0.274982,0.061260,0.152213,0.125269,0.087439,
1.147760,0.120919,0.385088,-0.099914,0.636007,0.030403,0.159608,0.336872,0.096628,0.152715,0.066523,0.027263,
1.230551,0.130883,0.466768,-0.069763,0.803631,0.048351,0.115350,0.221252,-0.045662,0.116444,0.137684,0.118240,
1.312045,0.220194,0.493452,-0.031006,0.746960,0.121495,0.201428,0.262141,-0.053769,0.003522,0.121830,0.154427,
1.365020,0.219002,0.381955,-0.135779,0.662163,0.081123,0.301470,0.266778,0.034806,0.045197,0.085256,0.208299,
1.327956,0.098215,0.396206,-0.047351,0.696859,0.107786,0.253927,0.084535,0.157956,0.204656,0.091536,0.226158,
1.224961,0.080266,0.379714,-0.001986,0.724697,0.156604,0.182772,0.113565,0.110853,0.173105,0.064254,0.134709,
1.133525,0.047009,0.418378,0.036361,0.691198,0.136892,0.114294,0.053711,-0.012472,0.175173,0.057170,0.080732,
1.229211,-0.001328,0.334283,-0.077717,0.630231,-0.032867,-0.012984,0.000100,0.066866,0.160542,0.084808,0.120761,
1.259804,-0.095863,0.200308,-0.242134,0.587634,-0.027400,-0.045774,0.047595,0.107462,0.066588,0.028423,0.148475,
1.260260,-0.054101,0.267143,-0.235759,0.569670,0.038074,0.126705,0.137693,0.048409,0.037767,0.015060,0.176479,
1.205300,0.104912,0.364807,-0.145045,0.629694,0.042184,0.150127,0.136691,-0.032747,0.122730,0.105651,0.142368,
1.248090,0.224320,0.399686,-0.152850,0.602693,-0.012803,0.119732,0.153926,0.000584,0.156292,0.160272,0.123511,
1.253915,0.181103,0.557975,-0.202083,0.470501,0.000374,0.132949,0.139372,0.004246,0.045221,0.002532,0.116594,
1.276069,0.213372,0.453256,-0.215926,0.473124,-0.037564,0.057469,0.020717,0.032690,0.061105,-0.004973,0.140262,
1.243527,0.071149,0.402301,-0.189307,0.531093,-0.073875,0.064344,0.089745,0.074452,0.205066,0.082641,0.137184,
1.223860,-0.162245,0.363147,0.009113,0.443230,-0.068549,0.134816,0.060241,-0.019668,0.111702,-0.013768,0.123033,
1.213618,-0.196213,0.386552,-0.060296,0.287059,-0.107686,0.098452,0.117712,-0.128115,-0.056158,-0.039487,0.058660,
1.261349,-0.157561,0.401020,-0.141160,0.359390,-0.194636,0.011582,0.202952,0.049537,0.010721,0.004032,0.099122,
1.335716,-0.145307,0.296393,-0.126559,0.487568,-0.258889,-0.093412,0.064265,0.034924,0.069132,0.001172,0.119361,
1.179608,-0.080695,0.260915,-0.063718,0.377337,-0.206199,-0.055993,-0.113678,-0.042981,0.031071,0.011777,0.128119,
1.191324,-0.150461,0.239233,-0.026697,0.205395,-0.183467,0.091690,-0.147425,-0.050852,0.052913,0.002279,0.093891,
1.342612,-0.131687,0.315993,-0.022082,0.287437,-0.103874,0.119581,-0.080994,-0.111345,0.135782,0.125049,0.124896,
1.239552,-0.070872,0.312180,-0.123151,0.344473,-0.040890,0.107879,-0.005149,-0.067303,0.123609,0.140887,0.131875,
1.200898,0.077654,0.273966,-0.172930,0.346030,-0.097726,0.147191,0.081866,-0.001354,0.181986,0.072473,0.086350,
1.209443,-0.099200,0.283761,-0.224113,0.298919,-0.187610,0.119747,0.120615,0.044523,0.163382,-0.030716,0.046627,
1.236014,-0.140875,0.361970,-0.260582,0.223098,-0.200190,0.106226,0.061386,0.021907,0.098945,-0.096825,-0.010828,
1.267235,-0.193703,0.295684,-0.217041,0.201634,-0.084207,0.153230,-0.052430,-0.011401,0.029480,-0.073400,0.008475,
1.206308,-0.140560,0.261382,-0.168126,0.232240,-0.080794,0.168081,-0.172554,-0.095773,-0.000490,-0.023305,0.091249,
1.116876,-0.056267,0.338728,-0.190910,0.152872,-0.153914,0.108223,-0.174122,-0.141436,-0.031003,0.041076,0.144751,
1.114277,-0.079305,0.387671,-0.172359,0.244508,-0.209702,-0.068513,-0.095767,-0.074259,-0.007995,0.120498,0.134183,
1.061990,-0.053406,0.406370,-0.166973,0.330144,-0.194104,-0.116050,-0.069751,-0.075589,0.089771,0.212129,0.088544,
1.029519,0.084228,0.499334,-0.151302,0.391449,-0.106067,0.026062,-0.055816,-0.124549,0.166349,0.228695,0.067585,
0.983265,0.126425,0.482104,-0.077450,0.446804,-0.159758,0.116407,0.010365,-0.119263,0.165315,0.205829,0.097614,
1.049205,0.104306,0.402191,-0.129154,0.576920,-0.119901,0.032928,0.015207,-0.127716,0.114691,0.162258,0.117718,
1.188395,0.045230,0.319792,-0.188876,0.474893,-0.073347,-0.037223,-0.054504,-0.137853,0.107926,0.105816,0.083813,
1.137279,-0.004919,0.403218,-0.044713,0.386856,0.005296,0.005232,-0.044548,-0.067161,0.085512,0.183849,0.096992,
1.207961,-0.018020,0.419079,-0.091486,0.370285,-0.057754,0.050993,0.118674,0.002438,0.121557,0.216449,0.139401,
1.289122,0.079213,0.468716,-0.099994,0.439723,-0.075738,0.011141,0.089635,0.017052,0.125200,0.126437,0.145019,
1.292748,0.021654,0.616585,-0.033320,0.481916,-0.058560,0.053431,0.131350,0.002736,0.220255,0.107793,0.091399,
1.317757,0.019412,0.475363,-0.005706,0.461074,-0.089033,0.086322,0.115868,-0.028619,0.164328,0.218121,0.137558,
