0.872958,-0.368511,0.429730,-0.333692,0.173489,-0.098304,0.111952,-0.054620,-0.181089,0.078858,-0.084939,-0.053155,
0.795405,-0.367900,0.380509,-0.427248,0.056723,-0.173062,0.122844,-0.042557,-0.049230,0.058777,-0.034401,0.043935,
0.814917,-0.363793,0.470304,-0.222723,0.017000,-0.202851,0.222244,-0.034397,-0.053755,0.094492,-0.069754,0.088975,
0.756820,-0.249639,0.423975,-0.179891,0.057140,-0.204584,0.227372,-0.107871,0.084172,0.143648,-0.110860,0.099648,
0.814234,-0.125569,0.413260,-0.233963,0.066961,-0.200443,0.097769,-0.135630,0.084331,0.081660,-0.078601,0.031183,
0.747884,-0.051783,0.375142,-0.239631,0.148122,-0.182791,0.054814,-0.149166,0.047019,0.037294,-0.006966,0.062781,
0.590958,-0.176398,0.340485,-0.272122,0.162832,-0.181004,0.032797,-0.144313,0.068066,0.045194,0.046313,0.037035,
0.661228,-0.259785,0.339319,-0.282084,0.206326,-0.220622,0.022345,-0.017272,-0.046921,0.020831,0.098018,-0.044004,
0.709831,-0.218748,0.338492,-0.366209,0.201462,-0.265767,0.016096,-0.044447,-0.066876,0.038244,-0.038071,-0.092529,
0.688588,-0.176324,0.311213,-0.380376,0.159637,-0.180978,-0.012096,-0.109190,0.061293,-0.007712,-0.050228,-0.029539,
0.737289,-0.276125,0.157035,-0.401689,0.044762,-0.210444,0.014546,-0.135832,0.032964,-0.096715,0.037282,0.030919,
0.874298,-0.170240,0.045069,-0.379968,0.131528,-0.283157,-0.013146,-0.049670,0.092954,-0.121865,-0.011012,0.037204,
0.872276,-0.137307,0.213333,-0.419379,0.150009,-0.353650,-0.124497,-0.026986,0.019136,-0.060836,-0.025816,0.078208,
0.926393,-0.129335,0.336930,-0.353314,0.139816,-0.334790,-0.025071,0.027174,-0.072127,-0.009933,0.038104,0.125144,
0.979281,-0.151649,0.391085,-0.204731,0.096565,-0.294948,0.104480,0.013753,-0.070687,0.032060,0.017217,0.047525,
1.323225,0.045054,0.617249,0.022871,0.294131,0.012963,0.173384,0.031347,-0.084932,0.085032,0.062905,0.062823,
1.525104,0.312585,0.776603,0.208862,0.509882,0.174578,0.110345,0.099983,-0.026092,-0.009702,0.081728,0.046847,
1.699672,0.420956,0.982277,0.322208,0.670664,0.142498,0.036853,0.005016,-0.110501,-0.117467,0.072690,0.038611,
1.623620,0.540776,0.833470,0.390749,0.564138,0.213365,0.055094,-0.039114,-0.119154,-0.105076,0.109490,-0.026899,
1.824765,0.334758,0.985752,0.235174,0.793780,0.219595,0.009105,-0.007597,-0.136785,-0.032289,0.032885,0.026324,
1.772958,0.334968,0.944134,0.246230,0.810071,0.234143,-0.041606,0.014832,-0.102354,0.009473,0.051619,-0.045705,
1.767367,0.371744,0.931389,0.225222,0.784296,0.303734,-0.040840,-0.040391,-0.097583,0.041292,0.063962,-0.064769,
1.632598,0.572777,0.747863,0.289144,0.721653,0.325802,-0.042590,-0.070933,-0.063323,-0.008946,0.100323,-0.074678,
1.743239,0.550965,0.759083,0.233837,0.817954,0.289984,-0.039700,-0.073397,-0.083008,-0.036570,0.088515,-0.044455,
1.723151,0.444300,0.784359,0.234515,0.805629,0.299854,-0.082664,-0.057539,-0.063270,-0.007421,0.088662,-0.069564,
1.841167,0.384732,0.780584,0.197230,0.915272,0.254445,-0.159308,-0.038391,-0.072788,-0.019681,0.070626,-0.079687,
1.933454,0.385183,0.756326,0.142645,0.994228,0.239683,-0.210454,-0.037304,-0.072385,-0.029444,0.043555,-0.085764,
1.775830,0.503947,0.745351,0.209025,0.937730,0.276428,-0.225029,-0.086078,-0.005741,-0.069904,0.101490,-0.118854,
1.537613,0.625428,0.655308,0.304091,0.821767,0.283165,-0.149516,-0.099261,0.000739,-0.126105,0.163349,-0.121363,
1.618274,0.597450,0.703458,0.249919,0.907968,0.253766,-0.125502,-0.099849,-0.007684,-0.125641,0.134774,-0.084578,
1.812571,0.440011,0.846952,0.168721,0.865554,0.329704,-0.197382,-0.082726,-0.035700,-0.042930,0.090756,-0.093376,
1.835085,0.441810,0.760066,0.301216,0.855030,0.263023,-0.196068,-0.083780,-0.032190,-0.098504,0.077203,-0.093055,
1.689763,0.526057,0.700638,0.346984,0.732289,0.287734,-0.171564,-0.081675,-0.040514,-0.142420,0.123426,-0.093470,
1.820117,0.483519,0.840243,0.206277,0.801007,0.322411,-0.210946,-0.122129,-0.057947,-0.120147,0.096230,-0.084939,
1.888648,0.433430,0.849721,0.162058,0.838701,0.298338,-0.194510,-0.129118,-0.089433,-0.069363,0.064337,-0.072533,
1.852373,0.460714,0.830353,0.141009,0.841252,0.298684,-0.186729,-0.103494,-0.130530,-0.122492,0.105886,-0.063098,
1.929293,0.421115,0.821808,0.104136,0.911621,0.267878,-0.220189,-0.057113,-0.153129,-0.134258,0.092590,-0.067854,
1.869542,0.518279,0.699194,0.173699,0.838772,0.263051,-0.202519,-0.101485,-0.104506,-0.111788,0.098302,-0.091902,
1.953836,0.419450,0.842423,0.150826,0.803314,0.229735,-0.143719,-0.093660,-0.197932,-0.083375,0.050325,-0.059645,
1.955018,0.395280,0.907771,0.108760,0.867279,0.151333,-0.148424,-0.055370,-0.259221,-0.062307,-0.002375,-0.063886,
1.907468,0.431889,0.873291,0.044080,1.036678,0.085583,-0.267216,-0.025454,-0.242669,-0.002822,-0.035624,-0.142314,
1.728478,0.638162,0.792763,0.082477,0.884564,0.066772,-0.167350,-0.105384,-0.214492,0.088244,-0.030410,-0.140265,
1.870247,0.572534,0.836557,0.004048,0.872946,0.075838,-0.159856,-0.142448,-0.202168,0.102682,-0.068695,-0.059266,
1.849095,0.572216,0.755280,0.050211,0.852460,0.003034,-0.129771,-0.164076,-0.201141,0.057353,-0.059260,0.000544,
1.846765,0.532037,0.717272,0.086054,0.830690,-0.107200,-0.154045,-0.108807,-0.207273,0.010043,-0.054568,0.037098,
1.803076,0.573688,0.711550,0.076837,0.726447,-0.087927,-0.141635,-0.122973,-0.196309,0.021644,-0.015453,0.027714,
1.684755,0.656306,0.780527,-0.053264,0.720489,-0.069096,-0.144782,-0.109559,-0.182232,0.044273,-0.003250,0.039114,
1.565850,0.685356,0.788144,-0.112600,0.691805,-0.046483,-0.089725,-0.070714,-0.098580,0.044303,-0.004075,0.069629,
1.677975,0.646442,0.689352,-0.080898,0.660624,-0.047036,-0.080297,-0.157781,-0.013034,0.016836,0.015208,0.148184,
1.640147,0.726551,0.578458,-0.030773,0.564884,-0.081397,-0.008124,-0.181124,-0.005930,0.023724,0.059646,0.158440,
1.634712,0.734448,0.496742,-0.034593,0.544852,-0.142875,0.068651,-0.107570,-0.050517,0.025692,0.078407,0.184980,
1.684227,0.732835,0.463951,-0.181337,0.614229,-0.060089,0.118580,-0.032026,-0.116001,0.103422,0.047170,0.177486,
1.848034,0.587475,0.441201,-0.331049,0.647517,0.076048,0.053714,-0.015406,-0.056284,0.103198,0.092678,0.187854,
1.963711,0.428620,0.483219,-0.377847,0.609961,0.176413,-0.012394,-0.018985,-0.002761,0.089718,0.138074,0.226123,
1.888824,0.311514,0.506270,-0.348271,0.566810,0.197169,0.007824,0.031662,0.028579,0.070514,0.186112,0.272511,
1.817388,0.182416,0.464522,-0.200763,0.546364,0.220310,0.077410,-0.011863,0.124746,0.153287,0.195184,0.292360,
1.913212,0.131946,0.445384,-0.173841,0.498554,0.321895,0.173723,-0.082239,0.173129,0.237711,0.103895,0.257877,
1.920432,0.047810,0.436358,-0.203779,0.697641,0.403753,0.159096,-0.012681,0.073187,0.218356,0.045951,0.179268,
1.784502,0.073564,0.411301,-0.219450,0.686762,0.399314,0.166928,0.086937,0.025930,0.165595,0.116259,0.147820,
1.908864,0.014407,0.440057,-0.278845,0.544659,0.318265,0.147870,0.162967,0.089863,0.188526,0.149584,0.152833,
1.792196,0.023800,0.465753,-0.307399,0.591142,0.207885,0.136369,0.205262,0.086311,0.224350,0.152157,0.182727,
1.754104,0.012054,0.500338,-0.332018,0.590834,0.221027,0.129440,0.248594,0.062392,0.192045,0.177204,0.176468,
1.770435,0.094963,0.437233,-0.220857,0.468892,0.272319,0.201998,0.131111,0.135098,0.196034,0.115175,0.149479,
1.724373,0.163121,0.410335,-0.290570,0.555900,0.244358,0.190556,0.152900,0.112973,0.260820,0.121518,0.127854,
1.691556,0.145825,0.388925,-0.365055,0.642385,0.229906,0.143171,0.182302,0.142779,0.315886,0.134071,0.108638,
1.726023,0.112169,0.340461,-0.299727,0.547488,0.280913,0.175545,0.143845,0.230713,0.275579,0.110577,0.101300,
1.786266,0.079073,0.369838,-0.347850,0.550968,0.367275,0.153960,0.183193,0.209790,0.166744,0.105839,0.115099,
1.725803,0.103860,0.393649,-0.370788,0.501734,0.392556,0.223714,0.178709,0.185216,0.183771,0.075514,0.111335,
1.794464,0.057655,0.381086,-0.384858,0.518033,0.335362,0.247810,0.204922,0.159527,0.230513,0.061131,0.110761,
1.735486,0.090895,0.450465,-0.437732,0.517249,0.374273,0.212845,0.178979,0.194905,0.267074,0.037882,0.104361,
1.713682,-0.096349,0.457368,-0.382216,0.630828,0.390501,0.097590,0.201227,0.172117,0.228030,0.098732,0.087134,
1.650033,-0.131677,0.506678,-0.254637,0.596271,0.370743,0.031647,0.206275,0.174239,0.179830,0.158684,0.057950,
1.487273,-0.059800,0.494938,-0.129394,0.493444,0.282482,0.101112,0.233627,0.200363,0.150347,0.143046,0.061610,
1.493856,-0.030870,0.358008,-0.104290,0.438085,0.231360,0.243805,0.256227,0.141779,0.251103,0.122861,-0.003352,
1.496066,-0.018732,0.508876,-0.141949,0.432348,0.202301,0.217301,0.204021,0.137272,0.309722,0.101720,0.019248,
1.443618,0.048676,0.567486,-0.185574,0.418836,0.197028,0.198705,0.204495,0.085890,0.275369,0.188665,0.065732,
1.440793,-0.042170,0.574950,-0.152650,0.445681,0.239707,0.187743,0.273776,0.079962,0.220363,0.155332,0.013147,
1.399896,-0.007777,0.535775,-0.117843,0.512945,0.207888,0.141628,0.224529,0.194043,0.251756,0.081058,0.039040,
1.452803,0.008896,0.574294,-0.137993,0.576240,0.112264,0.138547,0.208903,0.213661,0.308580,-0.003422,0.091352,
1.467465,0.031695,0.592773,-0.180184,0.623814,0.070500,0.148761,0.297410,0.202966,0.284284,-0.004000,0.119173,
1.390660,0.061674,0.672249,-0.128343,0.587093,0.056679,0.092637,0.277432,0.255576,0.287486,0.001223,0.113468,
1.411203,0.078532,0.746261,-0.252816,0.591462,0.138461,0.037940,0.265945,0.206278,0.224143,0.029674,0.128188,
1.474783,0.019435,0.644415,-0.289009,0.549480,0.143524,0.096999,0.282650,0.263509,0.206407,-0.006168,0.143854,
1.443903,0.024107,0.476793,-0.231127,0.651060,0.129203,0.114214,0.233301,0.282146,0.189245,0.066233,0.184620,
1.264563,0.047279,0.516326,-0.182441,0.737145,0.198089,0.141763,0.238460,0.251998,0.212779,0.123139,0.167151,
1.189885,0.062570,0.630909,-0.204002,0.643789,0.179438,0.201024,0.265593,0.311635,0.284456,0.046999,0.179855,
1.243804,0.139701,0.698821,-0.185533,0.561720,0.134927,0.301547,0.272512,0.114456,0.296494,0.129893,0.182372,
1.348342,0.043499,0.640049,-0.193656,0.551155,0.101379,0.283423,0.193090,0.059004,0.317698,0.183848,0.227191,
1.327607,-0.009359,0.546537,-0.243232,0.501785,0.150567,0.266914,0.216732,0.078676,0.205590,0.134769,0.165771,
1.397258,0.259605,0.426746,-0.340796,0.504249,0.116120,0.180734,0.124244,0.037880,0.151858,0.110121,0.168902,
1.478753,0.303243,0.398641,-0.269306,0.545836,0.059429,0.196352,0.139427,-0.028834,0.157888,0.055625,0.149656,
1.595946,0.073557,0.582020,-0.038215,0.682407,0.128288,0.225833,0.117346,0.016993,0.258034,0.027715,0.182607,
1.635580,0.069486,0.697828,-0.039977,0.662880,0.137720,0.051120,0.091982,0.088914,0.292878,0.127135,0.163306,
1.586866,0.015664,0.574826,-0.130925,0.684647,0.115596,-0.035191,0.103289,0.172883,0.240355,0.164954,0.190289,
1.437805,0.012188,0.507653,-0.076646,0.584370,0.055572,0.033339,0.031593,0.083666,0.122382,0.018693,0.161997,
1.405121,0.035073,0.515087,-0.147000,0.551900,0.065602,0.049760,0.006087,0.010897,0.076423,0.039510,0.211748,
1.363099,0.008536,0.547016,-0.188925,0.519288,0.144394,0.048383,0.025965,-0.030009,0.131424,0.192543,0.176565,
1.459483,0.043884,0.600137,-0.151378,0.517073,0.147575,-0.000030,0.064921,-0.034812,0.216844,0.244631,0.089446,
1.479583,0.105080,0.634568,-0.132675,0.605206,0.075032,-0.022811,0.169339,0.016006,0.230310,0.273870,0.116918,
1.399597,0.111617,0.530295,-0.077712,0.574167,0.006083,0.033827,0.135951,0.109429,0.185812,0.238538,0.189469,
1.438121,0.017577,0.519852,-0.001898,0.576159,-0.064835,0.067323,0.051918,0.142469,0.207529,0.165796,0.255845,
1.328598,0.017275,0.463448,-0.012859,0.479368,-0.088760,0.082309,-0.028876,0.045281,0.125048,0.072556,0.214045,
1.359362,-0.019119,0.503768,-0.109044,0.427001,0.022441,-0.053693,-0.034264,0.004026,0.027330,0.113125,0.206730,
1.326092,-0.099848,0.516168,-0.044594,0.424078,0.010981,-0.089274,-0.151929,0.027429,0.143456,0.085938,0.157095,
1.356828,-0.121829,0.498250,0.035099,0.334236,-0.024003,-0.022528,-0.220878,-0.016364,0.073332,-0.048697,0.105864,
1.316703,-0.088966,0.633897,-0.062812,0.363134,0.007359,-0.035189,-0.137476,-0.045865,0.052002,-0.027779,0.121235,
1.228873,0.059868,0.522208,-0.175415,0.377116,-0.051675,0.038926,-0.170249,-0.085765,0.063992,0.003416,0.146092,
1.329546,0.039242,0.432588,-0.194151,0.398525,-0.097800,0.070808,-0.211001,-0.201228,-0.049260,-0.024668,0.205752,
1.315739,-0.086824,0.361688,-0.277042,0.321750,-0.171260,0.036738,-0.167951,-0.264329,-0.074349,-0.080788,0.149228,
1.394416,0.121264,0.280501,-0.339981,0.331265,-0.182605,0.158400,0.013265,-0.144741,-0.075421,-0.094239,0.138975,
1.594243,0.102774,0.292980,-0.290541,0.292067,-0.109924,0.210501,0.009437,0.033638,-0.025645,-0.088643,0.187655,
1.599450,0.014620,0.303245,-0.313324,0.319067,-0.031803,0.151305,-0.008279,-0.083841,0.079032,-0.006599,0.136461,
1.503514,-0.004375,0.363935,-0.271838,0.352611,-0.028128,0.068271,-0.036428,-0.036682,0.111790,0.007131,0.116258,
1.390478,0.003602,0.404423,-0.276337,0.315566,0.032458,0.064201,0.038705,0.022784,0.057550,-0.039437,0.090177,
1.304746,-0.034869,0.560287,-0.157186,0.236772,0.033121,0.099073,-0.005309,-0.068135,0.085383,0.099875,0.130124,
1.293642,-0.001888,0.555257,-0.292356,0.299280,0.008702,0.070676,0.052721,-0.097062,0.146559,0.090848,0.099711,
1.330991,-0.010971,0.436706,-0.425868,0.283851,0.082907,0.099960,0.077877,-0.124267,0.094317,0.067236,0.060853,
1.273580,0.070706,0.469626,-0.395820,0.190759,-0.014129,0.078251,-0.082882,-0.181286,-0.073441,0.143232,0.211272,
1.325154,0.049796,0.547810,-0.281095,0.244266,-0.040909,0.073551,-0.140231,-0.239680,-0.090515,0.125541,0.188507,
1.378226,-0.074124,0.528499,-0.188335,0.212105,0.047511,0.081465,-0.054799,-0.073093,-0.012436,0.130546,0.158351,
1.438213,-0.026658,0.487869,-0.156296,0.283953,0.024012,0.073965,-0.077673,-0.034323,0.034559,0.082735,0.215344,
1.443448,-0.042555,0.526271,-0.111099,0.341951,0.054062,0.102742,-0.079943,-0.185445,0.048901,-0.000649,0.097988,
1.385164,0.051155,0.553960,-0.231420,0.309493,0.070115,0.040648,-0.073144,-0.072515,0.112036,0.002350,0.089521,
1.300810,0.114210,0.562450,-0.300423,0.300650,0.106294,0.062046,0.131856,0.062200,0.131108,0.050420,0.030659,
1.122579,0.201226,0.544643,-0.324142,0.327023,-0.051458,0.042488,0.113153,-0.128706,0.008227,-0.011509,0.003118,
1.193037,0.220687,0.598453,-0.297476,0.412153,-0.042464,0.018526,0.005967,-0.271821,-0.036830,-0.003072,0.045954,
1.402263,0.218518,0.607815,-0.215446,0.360499,0.047332,0.129757,-0.067348,-0.144199,-0.060719,-0.059868,0.154249,
