0.340956,-0.227996,0.550314,-0.265421,0.049425,-0.126135,0.228781,0.022604,-0.113362,-0.055710,-0.150093,-0.005823,
0.234024,-0.085067,0.493059,-0.284136,0.039844,-0.172180,0.148872,-0.070810,-0.070756,-0.041107,-0.120375,-0.069469,
0.289100,-0.123719,0.266366,-0.274611,0.130912,-0.073183,0.061717,-0.098896,0.008519,0.009552,-0.029432,-0.126462,
0.283090,-0.173158,0.274580,-0.244419,0.204379,-0.128526,0.020734,-0.101388,-0.053320,0.030772,0.051637,-0.116865,
0.344502,-0.170651,0.422510,-0.126619,0.219773,-0.261472,0.013472,-0.096503,-0.053560,0.055297,-0.005747,0.009604,
0.368626,-0.108964,0.315757,0.038780,0.184700,-0.337289,0.024674,-0.063593,0.008019,0.018238,0.003841,-0.007756,
0.389762,-0.092774,0.237602,0.008724,0.114791,-0.294811,0.063938,-0.110237,0.023545,-0.069521,0.046091,-0.128093,
0.449013,-0.139227,0.316571,-0.102066,0.018304,-0.256179,0.047348,-0.190251,0.088357,-0.026155,0.039663,-0.155173,
0.480488,-0.140162,0.446565,-0.147812,0.047192,-0.157755,0.105688,-0.206392,0.061875,0.003615,0.084349,-0.026085,
0.612890,-0.119691,0.344141,-0.173979,0.068699,-0.180362,0.116370,-0.337731,-0.010428,-0.043138,0.204560,0.138782,
0.519392,-0.143562,0.175174,-0.239148,0.016398,-0.278541,0.102615,-0.305352,-0.053520,-0.131864,0.266299,0.078199,
0.229068,-0.159547,0.131358,-0.251287,0.127462,-0.351584,0.115314,-0.176820,-0.064042,-0.128969,0.114329,0.010093,
0.120087,-0.208382,0.260421,-0.216895,0.159275,-0.352120,0.073158,-0.258057,-0.008948,-0.004885,-0.038463,0.037779,
0.225230,-0.243777,0.330303,-0.182688,0.031103,-0.334719,0.080011,-0.352260,0.138735,0.136481,-0.025797,0.043450,
0.299859,-0.218165,0.261545,-0.250725,0.167114,-0.273675,0.078485,-0.298439,0.024943,0.089638,0.014833,0.007336,
0.149899,-0.340786,0.167191,-0.243024,0.278119,-0.239420,0.183584,-0.141245,-0.018611,0.032614,0.008295,-0.082790,
0.153498,-0.373219,0.251675,-0.386422,0.091390,-0.298434,0.110667,-0.111488,-0.070053,0.015013,0.004748,-0.047137,
0.266788,-0.373089,0.432011,-0.415443,0.050650,-0.262942,0.064487,-0.028940,-0.131551,-0.029958,0.056945,0.077676,
0.491009,-0.488330,0.699110,-0.241828,0.102503,-0.123837,0.152067,-0.089480,-0.135135,0.001938,-0.113519,0.020389,
0.697971,-0.535362,0.522799,-0.128866,0.169914,-0.085948,0.140457,-0.276884,-0.098985,0.081406,-0.101298,-0.028498,
0.599419,-0.521783,0.242298,-0.132779,0.205723,-0.305253,0.039510,-0.248576,-0.113888,0.101902,0.039511,0.015959,
0.734306,-0.446751,0.297561,-0.159781,0.201315,-0.320342,0.029881,-0.161334,-0.182856,0.158341,0.008778,0.095019,
0.981305,-0.295384,0.213915,-0.302921,0.222814,-0.279019,-0.007979,-0.064851,-0.097480,0.068666,-0.120146,0.104385,
1.051036,-0.230049,0.116967,-0.312396,0.194754,-0.348453,-0.040205,-0.092586,0.008944,-0.025378,-0.104270,0.108001,
1.210682,-0.027609,0.263145,-0.244572,0.191402,-0.200132,0.069397,-0.112348,-0.039503,-0.015429,0.071242,0.164925,
1.316683,0.310850,0.559014,-0.149048,0.214386,-0.016793,0.207902,-0.010053,-0.021334,0.064420,0.077169,0.135242,
1.512894,0.524676,0.757432,0.009407,0.357299,0.150404,0.292406,0.005641,0.014881,0.033445,-0.060157,0.080920,
1.752409,0.440379,0.886239,0.301382,0.562335,0.153814,0.126790,-0.087788,-0.021117,-0.004970,-0.041559,0.050779,
1.804344,0.465378,0.792927,0.342629,0.673035,0.133119,0.128692,-0.028874,-0.023995,-0.118814,-0.010909,0.094971,
1.561369,0.591524,0.742967,0.387860,0.665474,0.151260,0.035646,0.073829,0.047825,-0.129648,0.043081,-0.011236,
1.698340,0.528318,0.814994,0.365955,0.907471,0.145915,-0.011941,0.021363,0.014868,-0.128943,0.037965,0.014843,
1.646637,0.627515,0.700396,0.363152,0.938142,0.158560,0.004592,-0.007876,0.000396,-0.213413,0.111332,0.005497,
1.583934,0.632802,0.810781,0.362477,0.948130,0.146544,0.011906,-0.052023,-0.010856,-0.221739,0.123859,0.001369,
1.529281,0.657867,0.765216,0.467975,0.822690,0.211902,-0.008279,-0.090695,0.032314,-0.238151,0.165608,-0.057219,
1.616739,0.618822,0.728957,0.552473,0.808588,0.242986,-0.021341,-0.123028,0.101704,-0.234260,0.128175,-0.043287,
1.572201,0.564246,0.802115,0.528536,0.799807,0.216800,-0.016470,-0.150531,0.154155,-0.216860,0.080330,-0.020203,
1.575999,0.537779,0.803082,0.492540,0.974652,0.138242,-0.062791,-0.074946,0.150961,-0.232378,0.076305,-0.013808,
1.594964,0.553217,0.760262,0.438072,1.002212,0.183219,-0.081330,-0.103306,0.128407,-0.214671,0.114511,-0.027881,
1.656799,0.579698,0.669859,0.472986,0.908158,0.234539,-0.070623,-0.119104,0.075627,-0.192063,0.130377,-0.047239,
1.676384,0.531919,0.726694,0.439653,0.879534,0.276936,-0.113197,-0.085202,0.060050,-0.197388,0.139647,-0.043367,
1.665711,0.519543,0.813850,0.358343,0.915967,0.265551,-0.130952,-0.092830,0.044777,-0.159883,0.119161,-0.050159,
1.610981,0.595274,0.817267,0.412475,0.900891,0.246546,-0.093081,-0.174271,0.076457,-0.137671,0.093851,-0.073919,
1.600127,0.582034,0.871843,0.448756,0.753638,0.252894,-0.015659,-0.217125,0.022422,-0.062855,0.039698,-0.073692,
1.699349,0.508001,0.947173,0.472749,0.688928,0.250836,-0.028174,-0.218848,-0.035320,0.009042,-0.009999,-0.112434,
1.641836,0.557604,0.826406,0.433011,0.884380,0.156780,-0.164014,-0.065970,-0.057365,-0.117746,0.091309,-0.139689,
1.634894,0.605788,0.762978,0.457579,0.819933,0.129102,-0.150483,-0.091955,-0.084073,-0.099103,0.075104,-0.142011,
1.585309,0.702432,0.734031,0.460046,0.792963,0.104406,-0.091016,-0.196749,-0.048783,-0.042981,0.022987,-0.135406,
1.509696,0.704777,0.794503,0.475016,0.760855,0.096878,-0.110156,-0.242694,-0.025744,-0.026161,-0.003952,-0.158794,
1.708997,0.603741,0.842455,0.397479,0.803013,0.081335,-0.162390,-0.140352,-0.146315,-0.002564,0.005334,-0.154002,
1.739281,0.584927,0.945105,0.275947,0.706338,0.156451,-0.102475,-0.228587,-0.162756,0.053935,-0.029724,-0.099059,
1.743894,0.591515,1.004615,0.122298,0.733405,0.197991,-0.060830,-0.273817,-0.200820,0.116313,-0.064533,-0.023398,
1.603129,0.725610,0.837484,0.105128,0.816379,0.066982,-0.120268,-0.178140,-0.202784,0.083176,0.004289,-0.053965,
1.629248,0.750019,0.870773,0.044313,0.757691,0.084405,-0.183410,-0.180029,-0.197983,0.118179,0.000939,-0.058370,
1.655377,0.805004,0.741693,0.032920,0.801414,-0.000665,-0.181807,-0.203838,-0.168058,0.123316,0.004037,-0.022155,
1.617079,0.858169,0.585185,0.038703,0.794971,-0.058769,-0.053738,-0.277628,-0.125693,0.089907,0.013882,0.082349,
1.597036,0.826995,0.574935,0.036375,0.718329,-0.088807,-0.065543,-0.306247,-0.065439,0.126372,0.032203,0.124150,
1.657444,0.801839,0.578353,-0.039571,0.746074,-0.098875,-0.120274,-0.262499,-0.081754,0.146750,0.069929,0.134842,
1.725549,0.686731,0.600498,-0.055045,0.665464,-0.026203,-0.176318,-0.247037,-0.033407,0.091169,0.137515,0.147517,
1.683162,0.731079,0.636397,-0.145614,0.673477,-0.015668,-0.128849,-0.209846,-0.095493,0.164967,0.102008,0.153931,
1.760084,0.785567,0.595326,-0.241928,0.676555,0.019151,-0.084256,-0.141839,-0.027885,0.161707,0.087203,0.153807,
1.940178,0.855663,0.557079,-0.369385,0.668660,-0.004463,-0.094716,-0.071240,0.082681,0.070687,0.134182,0.179468,
1.976246,0.720175,0.552263,-0.469475,0.639355,0.066397,-0.127777,0.062508,0.022473,0.086107,0.228906,0.167646,
1.945185,0.428929,0.573064,-0.408431,0.647537,0.178383,-0.163705,0.049655,0.034261,0.108409,0.295811,0.223432,
1.791350,0.131955,0.583479,-0.216824,0.594796,0.373375,-0.036560,0.077493,0.112157,0.064020,0.303457,0.249314,
1.887080,0.130071,0.509862,-0.244052,0.590696,0.413583,0.029930,0.072523,0.098613,0.141673,0.227275,0.176696,
1.891967,0.253671,0.438212,-0.221603,0.566828,0.345328,0.111936,0.004893,0.134826,0.245936,0.161459,0.167717,
1.886306,0.214104,0.428655,-0.244714,0.584757,0.225276,0.159277,-0.000840,0.157511,0.330931,0.113725,0.216509,
1.925534,0.152454,0.382147,-0.213605,0.583157,0.193121,0.134585,0.020866,0.164526,0.347544,0.138708,0.187736,
1.855835,0.200734,0.379350,-0.199797,0.505404,0.211245,0.177887,0.043109,0.123063,0.345548,0.164903,0.140179,
1.719824,0.233303,0.453562,-0.228549,0.447699,0.234966,0.166959,0.036314,0.155796,0.322189,0.187198,0.171387,
1.740434,0.170012,0.514849,-0.274710,0.464661,0.214087,0.115522,0.110189,0.146522,0.285064,0.237235,0.197550,
1.738211,0.282497,0.351061,-0.294800,0.579608,0.182296,0.113069,0.152785,0.131635,0.237423,0.240488,0.170026,
1.687227,0.193794,0.374568,-0.228403,0.505957,0.237582,0.155711,0.093245,0.179663,0.257277,0.200167,0.158549,
1.608088,0.122849,0.448542,-0.259799,0.535481,0.247189,0.161326,0.101708,0.153940,0.322654,0.157829,0.123032,
1.623115,0.140043,0.361728,-0.235415,0.621651,0.209009,0.136812,0.114897,0.164392,0.314472,0.150620,0.106377,
1.556631,0.200540,0.323960,-0.143471,0.524672,0.237717,0.257019,0.053374,0.108468,0.350587,0.156561,0.105267,
1.587026,0.220458,0.393360,-0.174962,0.601462,0.253964,0.188330,0.059270,0.070114,0.313458,0.186039,0.137612,
1.661810,0.142990,0.482008,-0.074213,0.590332,0.268203,0.159425,-0.031784,0.098770,0.281185,0.182643,0.192751,
1.599957,0.051261,0.521333,0.027412,0.547963,0.266048,0.127566,0.041918,0.055667,0.272412,0.219540,0.094796,
1.448165,-0.025632,0.507703,0.035693,0.468887,0.230019,0.124764,0.075537,0.125506,0.358732,0.229801,0.015255,
1.411691,-0.093877,0.547540,-0.014011,0.439692,0.238859,0.093832,0.079284,0.189860,0.396781,0.214648,-0.015700,
1.416583,-0.105922,0.592469,-0.081888,0.549117,0.189331,0.086899,0.130838,0.151928,0.319632,0.214584,0.077542,
1.273882,-0.047772,0.638716,0.025832,0.565681,0.061498,0.143151,0.120438,0.110895,0.344188,0.207752,0.092512,
1.408011,-0.051765,0.585011,0.024960,0.549469,0.089944,0.185546,0.117229,0.138204,0.372217,0.093430,0.069807,
1.397634,-0.096765,0.671706,-0.107696,0.522278,0.227452,0.186088,0.170311,0.144822,0.305448,0.059930,0.073676,
1.279307,-0.051863,0.709852,-0.071772,0.495139,0.280609,0.232841,0.129685,0.107066,0.179416,0.157251,0.166630,
1.259031,0.025188,0.671932,-0.013735,0.370158,0.158785,0.302134,0.098357,0.192911,0.151523,0.190070,0.222115,
1.316213,0.049847,0.636675,0.029633,0.472610,0.033352,0.163808,0.134704,0.248412,0.236191,0.128224,0.183051,
1.348945,0.098557,0.649616,-0.056762,0.481375,0.104667,0.151238,0.144646,0.214895,0.206299,0.147995,0.184330,
1.269830,0.158967,0.716505,-0.076736,0.432139,0.091557,0.202803,0.120357,0.207002,0.301523,0.136507,0.171872,
1.338028,0.172484,0.594493,0.017285,0.470262,0.037649,0.164537,0.073647,0.182123,0.402354,0.166031,0.118191,
1.349548,0.062661,0.504110,0.026605,0.559647,0.099285,0.207296,0.134184,0.168518,0.257429,0.149218,0.150943,
1.207081,0.077860,0.577998,0.023606,0.531810,0.015708,0.247607,0.164032,0.131452,0.267030,0.221500,0.168636,
