0.737944,-0.260212,0.399159,-0.430635,0.061368,-0.273549,0.069694,-0.009971,-0.157762,0.094165,-0.069558,0.028609,
0.655924,-0.244468,0.369884,-0.383711,0.102299,-0.228563,0.108455,0.041559,-0.102275,0.074357,-0.034327,-0.006312,
0.504629,-0.238248,0.285553,-0.249178,0.160506,-0.227858,0.108154,-0.001877,0.004772,0.019191,-0.101208,-0.028474,
0.470663,-0.122235,0.287155,-0.213561,0.178303,-0.143151,0.156364,0.011932,0.038055,-0.023059,-0.035376,-0.116480,
0.526315,-0.277094,0.283020,-0.198301,0.089695,-0.180260,0.121391,-0.060974,-0.033136,-0.016782,-0.083853,-0.054540,
0.444243,-0.287298,0.303822,-0.157311,0.038956,-0.271836,0.049481,-0.077614,-0.101233,-0.062877,-0.087009,0.048123,
0.499174,-0.333556,0.416474,-0.199006,0.036313,-0.244815,0.066472,-0.054635,-0.052466,0.063603,-0.119729,0.115637,
0.494712,-0.339289,0.435076,-0.230195,0.021808,-0.233341,0.054169,0.020255,0.015341,0.067538,-0.128962,0.016554,
0.561833,-0.219069,0.298309,-0.213120,0.027339,-0.192941,0.012253,-0.032431,-0.043383,-0.057391,-0.040311,-0.082095,
0.733531,-0.223162,0.231045,-0.300062,0.062882,-0.252921,0.005457,-0.162322,-0.159364,-0.035981,0.021629,-0.043461,
0.917022,-0.258480,0.243160,-0.363482,-0.030433,-0.232315,0.069037,-0.155693,-0.048632,-0.119986,-0.144698,0.049431,
0.900923,-0.236446,0.162131,-0.315046,-0.044402,-0.201643,0.212160,-0.104028,0.049220,-0.164208,-0.160213,0.050594,
0.931736,-0.145478,0.168167,-0.306495,0.039357,-0.296323,0.074786,-0.145153,-0.102978,-0.155534,-0.079677,0.083288,
0.960157,-0.108519,0.351535,-0.324185,0.058733,-0.244585,-0.119086,-0.133722,-0.170777,-0.020724,0.000596,0.041967,
1.160948,0.015011,0.552685,-0.070594,0.241880,-0.153678,-0.034396,-0.014039,-0.098693,0.091895,-0.017627,0.067284,
1.466412,0.157296,0.766521,0.129727,0.479437,0.025966,0.126135,0.021244,-0.104955,0.086305,0.085019,0.085073,
1.589439,0.444463,0.832802,0.201554,0.527246,0.103431,0.206266,0.039600,-0.156911,-0.058621,0.083347,0.069333,
1.728967,0.502658,0.907692,0.361942,0.596415,0.163259,0.093575,-0.036637,-0.182037,-0.089359,0.085645,-0.011265,
1.569857,0.664052,0.860281,0.421900,0.698402,0.228406,-0.053019,-0.058810,-0.112731,-0.143193,0.131520,-0.108747,
1.476827,0.775550,0.818688,0.431856,0.773432,0.223034,-0.096232,-0.063129,-0.045809,-0.177364,0.144789,-0.163519,
1.613371,0.762127,0.860378,0.332824,0.830328,0.290200,-0.148467,-0.037700,-0.078728,-0.109873,0.125510,-0.174267,
1.709446,0.686623,0.947285,0.262140,0.881840,0.304766,-0.160591,-0.039053,-0.094511,-0.108626,0.113531,-0.157429,
1.649509,0.702253,0.891761,0.334185,0.853919,0.287165,-0.168727,-0.035416,-0.050915,-0.153580,0.125382,-0.164121,
1.655589,0.740320,0.834307,0.313210,0.835905,0.327466,-0.168125,-0.058253,-0.037234,-0.170792,0.148229,-0.149925,
1.546005,0.785406,0.845632,0.288466,0.903411,0.256150,-0.112271,-0.099087,-0.041510,-0.194533,0.159010,-0.146977,
1.498714,0.778738,0.899891,0.268825,0.936548,0.238857,-0.090485,-0.112526,-0.043897,-0.185687,0.153505,-0.138164,
1.582232,0.706575,0.977802,0.203507,0.909226,0.291470,-0.104688,-0.050343,-0.113953,-0.169072,0.156033,-0.119586,
1.537248,0.797156,0.757207,0.257882,0.869535,0.273155,-0.099923,-0.082383,-0.070758,-0.227975,0.207798,-0.135010,
1.683810,0.758574,0.683435,0.268048,1.076681,0.160369,-0.135529,-0.112489,-0.043123,-0.196984,0.126410,-0.140833,
1.663744,0.731681,0.653224,0.362778,1.030715,0.132269,-0.200713,-0.045926,-0.082828,-0.133822,0.103837,-0.215243,
1.547987,0.774663,0.724299,0.339429,0.877019,0.262025,-0.215017,-0.066928,-0.062133,-0.150523,0.175635,-0.223825,
1.493476,0.797033,0.749505,0.296996,0.792829,0.327197,-0.230883,-0.051113,-0.114958,-0.109958,0.187557,-0.224524,
1.697079,0.712977,0.792231,0.253197,0.847877,0.322515,-0.240579,-0.031065,-0.160511,-0.082410,0.168029,-0.220486,
1.693476,0.682290,0.781214,0.313594,0.830760,0.304828,-0.224100,-0.048538,-0.117407,-0.198748,0.176125,-0.173764,
1.609463,0.782954,0.733880,0.280698,0.856147,0.274484,-0.184506,-0.089402,-0.125922,-0.205942,0.188419,-0.183736,
1.580032,0.837485,0.709769,0.281604,0.842096,0.260568,-0.184577,-0.112273,-0.141513,-0.206748,0.186361,-0.199943,
1.651601,0.643596,0.841362,0.338118,0.782636,0.226080,-0.228166,-0.069843,-0.174150,-0.207477,0.151759,-0.187197,
1.621311,0.676681,0.796898,0.362623,0.853100,0.150171,-0.250031,-0.096002,-0.128005,-0.214772,0.118618,-0.209083,
1.536961,0.809710,0.789525,0.282768,0.899781,0.073760,-0.227493,-0.104866,-0.193238,-0.073084,0.048840,-0.255549,
1.517337,0.836737,0.799872,0.260332,0.896582,0.017403,-0.211744,-0.069783,-0.282830,0.008147,0.007195,-0.258485,
1.658654,0.753738,0.964116,0.093597,0.842121,0.148515,-0.240842,-0.128106,-0.267412,-0.007681,0.025215,-0.198929,
1.597524,0.804645,0.947481,0.121153,0.721821,0.221500,-0.235700,-0.208692,-0.150113,-0.086244,0.029334,-0.124828,
1.596999,0.825553,0.984103,0.001466,0.849565,0.137410,-0.204221,-0.184086,-0.220503,0.018051,-0.028186,-0.100199,
1.516837,0.931075,0.821677,0.098058,0.861917,0.047226,-0.176445,-0.121857,-0.309905,0.110743,-0.027421,-0.168957,
1.683422,0.764492,0.830712,0.109322,0.879672,-0.049780,-0.178915,-0.068725,-0.264575,0.051670,-0.037218,-0.121029,
1.599603,0.784988,0.820673,0.124525,0.768861,-0.111233,-0.121566,-0.138103,-0.168141,0.043325,-0.080227,-0.022949,
1.572997,0.743355,0.905652,0.023419,0.799761,-0.124814,-0.163363,-0.140151,-0.159724,0.092419,-0.103398,0.015566,
1.577658,0.816098,0.801291,-0.028617,0.857916,-0.064436,-0.150443,-0.223268,-0.166726,0.165847,-0.070204,0.029115,
1.429657,1.009164,0.640684,-0.000479,0.743748,-0.010746,-0.153700,-0.203985,-0.129448,0.160216,0.020159,0.008642,
1.419879,1.067218,0.578907,-0.022404,0.727798,-0.066717,-0.128170,-0.186449,-0.083779,0.118962,0.074821,0.032428,
1.459748,1.007943,0.585787,0.074613,0.619507,-0.199830,-0.066158,-0.203777,0.039185,0.084722,0.019911,0.104878,
1.461712,0.985639,0.510214,0.160878,0.554988,-0.104277,-0.070098,-0.250817,0.126879,0.026093,0.095322,0.065309,
1.453579,0.886582,0.552190,0.093390,0.491071,-0.052700,0.027865,-0.223665,0.086938,0.087133,0.078852,0.127599,
1.621184,0.846741,0.606750,-0.118259,0.480619,-0.019132,0.144089,-0.204881,-0.008641,0.124053,0.046507,0.249161,
1.748684,0.792728,0.556169,-0.201538,0.507957,0.091292,0.125825,-0.205984,-0.074612,0.265610,0.067238,0.264590,
1.841686,0.676545,0.522432,-0.315200,0.558332,0.129194,0.079048,-0.039964,-0.065911,0.264268,0.133960,0.203127,
1.974462,0.476594,0.442213,-0.348644,0.670848,0.104665,0.035697,0.167074,-0.029786,0.195129,0.155809,0.131246,
1.834999,0.169329,0.460291,-0.202971,0.564018,0.138360,0.098060,0.234562,0.119901,0.161818,0.213819,0.209517,
1.735489,0.239424,0.370920,-0.234540,0.561335,0.137622,0.161709,0.120559,0.189810,0.308239,0.224549,0.220852,
1.845316,0.208428,0.364563,-0.274169,0.593326,0.136910,0.135582,0.163712,0.168213,0.326951,0.199146,0.191261,
1.783535,0.256904,0.387357,-0.329658,0.560305,0.151015,0.141319,0.231066,0.095697,0.312924,0.266974,0.164243,
1.639886,0.297732,0.463158,-0.246954,0.448444,0.167683,0.215681,0.203247,0.084816,0.276564,0.238996,0.153878,
1.696391,0.225776,0.390789,-0.163585,0.443266,0.200432,0.275037,0.170365,0.135742,0.209515,0.176904,0.174551,
1.812527,0.179787,0.377281,-0.246924,0.510830,0.214899,0.225987,0.230213,0.117260,0.225986,0.189917,0.162598,
1.852990,0.236898,0.384902,-0.210480,0.428350,0.260741,0.150181,0.280194,0.126492,0.276055,0.241273,0.035501,
1.741683,0.272428,0.384855,-0.234119,0.444683,0.316033,0.112074,0.237544,0.166782,0.292277,0.254734,0.034429,
1.697137,0.154685,0.503188,-0.242003,0.434032,0.345098,0.092732,0.219226,0.150919,0.313207,0.250143,0.007645,
1.831899,0.039453,0.524489,-0.247447,0.421018,0.289088,0.154757,0.188811,0.211451,0.324034,0.160178,0.077926,
1.681772,0.165675,0.322823,-0.202591,0.460100,0.271515,0.169328,0.172931,0.299311,0.265694,0.195134,0.105531,
1.642930,0.197782,0.343719,-0.294286,0.556966,0.277019,0.090006,0.258082,0.220385,0.297821,0.238914,0.018796,
1.752687,0.163154,0.336329,-0.298264,0.606536,0.272431,0.054435,0.301030,0.190795,0.320240,0.248742,-0.028387,
1.673513,0.170352,0.366085,-0.206662,0.525763,0.236545,0.054822,0.293156,0.240906,0.321399,0.255606,-0.007478,
1.649973,0.228332,0.330167,-0.279771,0.573545,0.289532,0.108564,0.223342,0.263562,0.294581,0.173351,0.019563,
1.724107,0.099812,0.232649,-0.306399,0.677573,0.365698,0.123835,0.228628,0.236170,0.278458,0.133298,-0.027146,
1.692408,0.077568,0.098224,-0.268346,0.722022,0.334491,0.172015,0.182497,0.291015,0.247737,0.104702,0.013325,
1.514222,0.110238,0.207071,-0.218038,0.682249,0.290722,0.089156,0.251241,0.313531,0.264677,0.149918,-0.045543,
1.487466,-0.047904,0.365404,-0.209178,0.677265,0.291188,0.140835,0.269606,0.258051,0.310728,0.075680,-0.022512,
1.400313,0.093391,0.440319,-0.192643,0.588456,0.239800,0.274946,0.284087,0.183786,0.169622,0.094614,0.125252,
1.373431,0.163438,0.436970,-0.105982,0.664121,0.195509,0.249707,0.269337,0.114328,0.132998,0.129031,0.148874,
1.516449,0.066447,0.552539,-0.115842,0.709935,0.234296,0.201917,0.168249,0.141807,0.205216,0.006076,0.177863,
1.448077,0.129657,0.594675,-0.122438,0.709308,0.251268,0.126843,0.132720,0.182310,0.255224,0.042793,0.136123,
1.316850,0.196944,0.500321,-0.221834,0.677230,0.233780,0.200958,0.219469,0.133207,0.237354,0.127809,0.118454,
1.354606,0.092627,0.531951,-0.207879,0.699226,0.164582,0.178435,0.250124,0.114107,0.223162,0.171641,0.159467,
1.295231,0.060046,0.561936,-0.119201,0.674691,0.206979,0.128000,0.175880,0.171731,0.246993,0.181413,0.131465,
1.301175,0.137036,0.588825,-0.157436,0.649794,0.198049,0.051127,0.209529,0.179520,0.314984,0.190407,0.049362,
1.359957,0.121793,0.557154,-0.256593,0.600960,0.168797,0.132829,0.297991,0.166379,0.355283,0.175028,0.041528,
1.291080,0.161596,0.494023,-0.313283,0.646195,0.123809,0.181500,0.328801,0.162636,0.385347,0.191088,0.057063,
1.262217,0.143276,0.505109,-0.244262,0.644948,0.162192,0.151095,0.239805,0.173709,0.324632,0.248623,0.105415,
1.282724,0.114281,0.531232,-0.043795,0.568811,0.144597,0.192829,0.206949,0.167564,0.144266,0.266165,0.186048,
1.307350,0.100021,0.510363,-0.024563,0.654583,0.104724,0.186784,0.145750,0.014685,0.148216,0.158070,0.167350,
1.151276,0.167535,0.472701,-0.182333,0.608614,0.028029,0.106186,0.152701,-0.045575,0.131662,0.204530,0.106036,
1.138264,0.155354,0.590641,-0.167155,0.649358,-0.019114,0.043657,0.114074,-0.007662,0.157531,0.170266,0.127752,
1.279613,0.173406,0.630605,-0.100926,0.734156,-0.066465,0.032557,0.201376,-0.014963,0.188214,0.156194,0.140625,
1.326429,0.273121,0.552743,-0.079376,0.704442,-0.039830,0.116700,0.229854,-0.022130,0.149687,0.154578,0.138909,
1.285645,0.064194,0.586447,-0.163652,0.677706,0.106413,0.144316,0.245558,-0.014735,0.173177,0.134436,0.111553,
1.312055,0.092855,0.587133,-0.205322,0.550139,0.292262,0.117459,0.205533,0.087765,0.212149,0.072286,0.001683,
1.210964,0.185157,0.618399,-0.066510,0.531713,0.284645,0.150874,0.179157,0.119766,0.094556,0.040021,0.076631,
