0.815678,-0.437282,0.294472,-0.343391,0.168048,-0.196091,-0.050953,-0.071725,0.002190,0.035264,-0.061506,-0.091944,
0.733665,-0.396049,0.382497,-0.370039,0.245512,-0.217909,-0.091029,-0.120347,-0.053262,0.062443,-0.059927,-0.030430,
0.814356,-0.448309,0.419372,-0.352554,0.188765,-0.156551,0.004229,-0.034118,-0.000262,0.060924,-0.098118,0.089153,
0.651448,-0.410049,0.296260,-0.283570,0.031655,-0.170979,0.130968,-0.051302,0.152449,-0.006233,-0.101347,0.152103,
0.576515,-0.140029,0.242454,-0.312970,0.137507,-0.180972,0.127272,-0.029326,0.083076,-0.031258,0.043021,0.064702,
0.577565,-0.176749,0.346647,-0.247304,0.107716,-0.170919,0.115483,0.058859,0.037899,-0.046031,0.065138,0.077455,
0.434149,-0.400892,0.393558,-0.204543,0.031971,-0.252974,0.009609,0.041883,0.063642,-0.022097,0.093653,0.113428,
0.353962,-0.291483,0.339740,-0.329221,0.081454,-0.243571,0.021128,-0.095969,0.017093,0.053823,0.112995,0.010340,
0.294564,-0.130654,0.391407,-0.220258,0.116904,-0.288030,-0.004767,-0.036331,0.071268,0.057648,0.140269,-0.036005,
0.290768,-0.126533,0.270778,-0.107669,0.088123,-0.332827,-0.048069,-0.046915,0.082171,0.043016,0.134028,-0.031089,
0.266596,-0.174689,0.262087,-0.141712,0.059677,-0.167331,0.083855,-0.086485,0.099750,0.059301,-0.061231,-0.110402,
0.318767,-0.204330,0.254092,-0.256079,0.189910,-0.097096,0.116160,-0.141642,0.201326,0.059290,-0.035904,0.037333,
0.351488,-0.178423,0.242563,-0.235466,0.155790,-0.271787,0.122801,-0.116865,0.060617,-0.039887,0.071221,0.115118,
0.426514,-0.112575,0.217510,-0.130752,0.102800,-0.448757,0.085701,-0.074639,0.027267,-0.046073,0.009309,0.094998,
0.524838,-0.305629,0.264998,-0.241412,0.071672,-0.250079,0.062367,-0.148182,0.109917,-0.045007,-0.103804,0.079086,
0.706015,-0.385020,0.312946,-0.429220,0.023520,-0.216742,-0.024012,-0.199727,0.037962,0.043340,-0.172010,0.018759,
0.912388,-0.357256,0.359857,-0.384795,0.056363,-0.298647,-0.122859,-0.203683,-0.142594,0.069856,-0.094020,-0.061474,
0.934027,-0.148257,0.389110,-0.328937,0.012991,-0.310778,-0.026140,-0.167641,-0.199185,0.067077,0.073707,-0.024527,
0.883729,-0.132414,0.339360,-0.364059,0.050548,-0.317211,0.062266,-0.118765,-0.161735,0.080537,0.050619,-0.003715,
0.943188,-0.218366,0.375402,-0.388123,0.010841,-0.293820,0.135333,-0.122358,-0.190258,0.048508,-0.086858,0.028407,
1.045721,-0.143097,0.573375,-0.301968,0.073733,-0.274585,0.011783,-0.005854,-0.126215,0.051413,-0.097464,0.018156,
1.268024,0.031311,0.606605,-0.189711,0.227012,-0.075414,0.034821,0.094188,0.026359,-0.033290,0.008020,0.109542,
1.481389,0.299564,0.751015,-0.071743,0.374888,0.090741,0.078259,0.126742,0.068114,0.013829,0.049962,0.085572,
1.629491,0.514195,0.829533,0.063391,0.561288,0.148280,0.123672,0.098441,-0.009126,-0.003873,-0.046557,0.021401,
1.524250,0.581308,0.739371,0.206797,0.658202,0.221355,0.108866,0.080065,-0.089149,0.047300,-0.000411,-0.053186,
1.785356,0.393013,0.910140,0.241155,0.842874,0.158329,0.005581,0.051379,-0.114641,0.005171,-0.009241,-0.021826,
1.705353,0.450164,0.800300,0.395622,0.802265,0.142949,-0.036112,0.074024,-0.101911,-0.052907,0.056141,-0.073717,
1.737665,0.399388,0.929696,0.336763,0.868067,0.149864,-0.111112,0.119492,-0.098997,-0.097644,0.061990,-0.091544,
1.672954,0.465992,0.893108,0.344819,0.810510,0.180135,-0.171289,0.132479,-0.044387,-0.146608,0.082447,-0.127186,
1.746048,0.389159,1.050921,0.281407,0.882085,0.207873,-0.210665,0.122526,-0.094904,-0.131320,0.096012,-0.153572,
1.760984,0.463236,0.836641,0.353467,0.926546,0.145367,-0.220352,0.153794,-0.041664,-0.184289,0.064952,-0.131620,
1.822603,0.420108,0.873992,0.270053,1.010069,0.142374,-0.217054,0.116938,-0.057770,-0.173583,0.031444,-0.090621,
1.705862,0.534816,0.883783,0.267859,0.897041,0.230978,-0.179163,0.034588,-0.106284,-0.149649,0.120601,-0.138418,
1.780048,0.487331,0.868609,0.326453,0.977651,0.158542,-0.222606,0.104286,-0.135422,-0.148739,0.093619,-0.173939,
1.845046,0.405479,0.912929,0.316660,0.932924,0.215995,-0.233512,0.086138,-0.155182,-0.132283,0.123204,-0.177842,
1.965678,0.259348,1.052808,0.253060,0.948650,0.264466,-0.284978,0.088368,-0.174493,-0.120706,0.130573,-0.196299,
1.779461,0.391613,0.967158,0.332781,0.898440,0.240701,-0.273604,0.064936,-0.128844,-0.122662,0.139668,-0.222864,
1.682102,0.548397,0.807041,0.378496,0.918299,0.208056,-0.277204,0.051562,-0.108912,-0.120094,0.126901,-0.247128,
1.786334,0.503270,0.872564,0.293416,0.948224,0.240212,-0.268665,0.034984,-0.138131,-0.098913,0.126927,-0.233627,
1.839546,0.463841,0.845645,0.285744,0.857662,0.320164,-0.277578,0.011372,-0.114840,-0.139078,0.158753,-0.191043,
1.797056,0.490640,0.830475,0.283334,0.855379,0.304333,-0.289192,-0.004500,-0.100533,-0.109681,0.142468,-0.213332,
1.852660,0.423835,0.875745,0.238733,0.910442,0.283373,-0.313267,0.005279,-0.110185,-0.080141,0.129417,-0.234415,
1.966097,0.348658,0.951341,0.100468,1.057822,0.286862,-0.369327,0.033096,-0.142765,-0.046888,0.113178,-0.251678,
1.804301,0.471831,0.824106,0.186088,1.026316,0.244785,-0.303559,0.000067,-0.093221,-0.063864,0.116355,-0.221486,
1.639405,0.488216,0.830888,0.260117,0.807931,0.301575,-0.264026,0.001289,-0.090036,-0.058535,0.149013,-0.219010,
1.862538,0.267271,1.052175,0.172064,0.908597,0.275683,-0.306964,0.019546,-0.138483,-0.057173,0.107026,-0.210199,
1.898852,0.336185,0.882845,0.208369,0.984327,0.206943,-0.373799,0.020914,-0.115366,-0.088367,0.095003,-0.237009,
1.912300,0.411495,0.775081,0.198238,0.994946,0.156182,-0.383685,-0.020789,-0.130795,-0.075592,0.071830,-0.239069,
1.715353,0.558202,0.706649,0.250847,0.861175,0.115271,-0.325319,-0.047372,-0.172543,-0.031676,0.078592,-0.248897,
1.774068,0.462096,0.846389,0.107794,1.051843,-0.021430,-0.330420,-0.021734,-0.247789,0.032338,-0.026641,-0.212077,
1.705079,0.539085,0.804698,0.061944,0.990759,-0.042994,-0.221056,-0.070512,-0.250427,0.098081,-0.067937,-0.134709,
1.698588,0.602962,0.688121,0.097202,0.917030,-0.084253,-0.193240,-0.101349,-0.209886,0.081133,-0.062620,-0.097733,
1.830254,0.528611,0.725153,0.016519,0.970609,-0.098744,-0.263464,-0.107720,-0.197059,0.070094,-0.082409,-0.052928,
1.743335,0.656615,0.755319,-0.073464,0.903242,-0.102082,-0.266185,-0.114134,-0.215470,0.112870,-0.042371,-0.061978,
1.565869,0.802547,0.691090,-0.144726,0.936989,-0.104639,-0.239812,-0.103584,-0.243515,0.187205,-0.001961,-0.089578,
1.539204,0.784243,0.639979,-0.159864,0.863088,-0.083457,-0.191339,-0.112916,-0.215424,0.183371,0.029925,-0.033091,
1.748103,0.748989,0.619232,-0.195205,0.798465,-0.093286,-0.173822,-0.191638,-0.128993,0.080622,0.044786,0.110743,
1.730312,0.743918,0.516807,-0.141484,0.750872,-0.165646,-0.067297,-0.211495,-0.152733,0.121471,0.022047,0.180146,
1.715306,0.692295,0.568844,-0.077397,0.591525,-0.149327,-0.022730,-0.264221,-0.048002,0.184254,-0.008252,0.198392,
1.718520,0.745972,0.636240,-0.130330,0.494070,-0.140366,-0.019908,-0.224559,0.053970,0.195160,-0.035441,0.208527,
1.914553,0.650059,0.575667,-0.333275,0.466332,-0.003753,-0.004928,-0.133339,0.034762,0.104658,0.051434,0.262233,
2.110024,0.551293,0.523128,-0.459820,0.507723,0.093245,-0.034760,-0.045682,0.053032,0.147291,0.065489,0.217315,
2.195721,0.382739,0.527373,-0.500242,0.511400,0.195339,-0.033529,0.025386,0.080268,0.189579,0.075566,0.177376,
1.897230,0.196422,0.494838,-0.228433,0.494768,0.231846,0.053316,0.041637,0.128419,0.194859,0.222254,0.247006,
1.826684,0.153429,0.443456,-0.186818,0.456803,0.224640,0.087505,0.041227,0.203415,0.201143,0.246580,0.272583,
1.940921,0.102715,0.426823,-0.282193,0.533597,0.232106,-0.021793,0.120070,0.207209,0.210533,0.292768,0.242610,
1.995988,0.070010,0.448374,-0.235045,0.441671,0.237735,-0.006928,0.155870,0.153607,0.264830,0.335742,0.155857,
1.849910,0.150587,0.483815,-0.323735,0.414695,0.303467,0.036539,0.129922,0.134569,0.293165,0.315899,0.127499,
1.871155,0.147737,0.439084,-0.390486,0.534866,0.283245,-0.015637,0.144470,0.153985,0.272942,0.313974,0.146812,
2.034927,0.080090,0.384898,-0.475857,0.666774,0.260106,-0.058055,0.171369,0.156593,0.281644,0.277600,0.185681,
2.017079,0.043842,0.393212,-0.450253,0.606948,0.296779,-0.006089,0.212673,0.115682,0.272867,0.293759,0.125287,
1.895679,0.079670,0.415952,-0.442652,0.549214,0.309353,0.087249,0.135404,0.138751,0.313254,0.225555,0.164101,
1.855728,0.007450,0.428379,-0.446653,0.588033,0.309128,0.050996,0.174626,0.142960,0.287293,0.240650,0.155668,
1.932848,-0.047704,0.516433,-0.518789,0.578874,0.361209,-0.022512,0.212333,0.098817,0.284474,0.274068,0.092668,
1.874813,0.079861,0.412408,-0.454362,0.553872,0.323837,0.093303,0.103056,0.137791,0.317579,0.167154,0.140055,
1.957993,0.039462,0.307720,-0.458212,0.646421,0.313951,0.035370,0.126873,0.201077,0.289965,0.188409,0.144425,
1.947002,0.035804,0.232491,-0.491696,0.734889,0.312142,-0.050715,0.233696,0.201056,0.256305,0.269182,0.041953,
1.768381,-0.009509,0.290280,-0.407580,0.651958,0.284876,0.024926,0.212217,0.221282,0.274118,0.204963,0.043143,
1.731127,-0.073916,0.339632,-0.318935,0.555303,0.314235,0.024237,0.214699,0.217091,0.282421,0.247128,0.001240,
1.813502,-0.140112,0.452444,-0.357168,0.514306,0.380689,0.035341,0.201976,0.196974,0.307923,0.245675,0.006974,
1.727338,-0.039923,0.403723,-0.334019,0.562088,0.325310,0.062182,0.172749,0.194111,0.315747,0.182978,0.022387,
1.771820,-0.027348,0.359928,-0.369164,0.578577,0.310510,0.058592,0.227521,0.200129,0.295577,0.185635,0.003596,
1.879705,-0.065453,0.333934,-0.404232,0.603922,0.331326,0.009365,0.290259,0.212930,0.265686,0.233179,-0.021301,
1.617537,-0.045447,0.470695,-0.271432,0.530088,0.288253,-0.010169,0.332657,0.247104,0.254381,0.261071,-0.051510,
1.487684,-0.025907,0.466246,-0.131337,0.488460,0.270843,0.003981,0.330623,0.247917,0.220489,0.282013,-0.033568,
1.502735,-0.037996,0.521343,-0.114355,0.450696,0.177049,0.131139,0.326204,0.164928,0.257259,0.284469,0.036131,
1.368040,-0.078648,0.631563,-0.166942,0.415892,0.133500,0.198398,0.304160,0.183623,0.321728,0.269561,0.070073,
1.265337,-0.044057,0.600007,-0.060725,0.494811,0.089707,0.193301,0.278565,0.191918,0.323646,0.194111,0.062174,
1.243051,-0.111875,0.626129,-0.094874,0.644856,0.195365,0.104330,0.401955,0.190019,0.192610,0.103283,0.025115,
1.191561,-0.067530,0.719317,-0.151551,0.663623,0.209685,0.059114,0.240111,0.198775,0.301907,0.072674,0.068469,
1.300847,0.001006,0.708533,-0.176223,0.519962,0.150912,0.115301,0.162338,0.216534,0.356051,0.046060,0.111100,
1.463271,-0.064427,0.695336,-0.096937,0.338905,0.122749,0.208054,0.091799,0.189373,0.319196,-0.036337,0.110787,
1.431275,-0.067579,0.666320,-0.066721,0.409185,0.099306,0.178714,0.042596,0.200379,0.288732,-0.003318,0.181907,
1.413640,-0.045337,0.529731,-0.092401,0.447255,0.036776,0.265439,0.122264,0.109223,0.192635,0.049007,0.206998,
1.303885,-0.056647,0.526215,-0.147530,0.436590,0.051338,0.196972,0.176052,0.135518,0.086142,0.040291,0.180679,
1.329942,-0.136470,0.566929,-0.184812,0.328010,0.041554,-0.035741,0.156333,0.065909,0.120489,0.119639,0.038371,
1.235558,-0.205652,0.628501,-0.213709,0.222002,0.061343,-0.085073,0.017354,0.069625,0.146252,0.072612,0.070842,
1.064720,-0.250335,0.556848,-0.192431,0.294284,-0.004398,-0.125171,-0.081458,0.096746,0.140623,-0.004005,0.118242,
1.113689,-0.195398,0.593314,-0.160814,0.376860,0.003189,-0.163565,-0.049089,0.015619,0.011826,0.057304,0.121117,
1.180546,-0.138167,0.588325,-0.194363,0.397623,-0.047662,-0.092070,-0.042848,0.005021,0.033567,0.112478,0.202740,
1.379200,-0.110514,0.562796,-0.262196,0.448755,-0.019067,0.032779,0.153377,0.167320,0.100983,0.065666,0.273951,
1.343738,-0.075953,0.487134,-0.292020,0.487875,0.131331,0.092204,0.166849,0.149381,0.078234,0.105440,0.216387,
1.294439,-0.059534,0.404652,-0.288337,0.584626,0.266641,0.109185,0.139996,0.108969,0.077671,0.166935,0.182503,
1.223487,0.002410,0.499954,-0.267541,0.583443,0.158666,0.007944,0.115325,0.088195,0.030155,0.149500,0.186415,
1.092615,0.047509,0.402899,-0.142262,0.619765,0.091420,-0.035150,0.049200,0.185985,0.001318,0.093119,0.152743,
1.231721,-0.050467,0.481825,-0.055700,0.597143,0.001430,-0.059212,0.074894,0.284250,0.089230,-0.008958,0.164537,
1.345778,-0.146762,0.630214,-0.097301,0.495711,-0.013465,-0.056114,0.194395,0.385244,0.213392,-0.006544,0.178517,
1.359832,-0.022434,0.541490,-0.151555,0.540406,0.065815,0.081706,0.215428,0.474773,0.251581,0.049448,0.204015,
