1.305036,0.028127,0.870893,0.181212,0.310900,0.144885,0.118031,0.192828,0.300344,0.226507,0.101742,0.141191,
1.353208,0.068955,0.939289,0.223724,0.348867,0.275412,0.222844,0.111111,0.212348,0.217113,0.042859,0.124348,
1.450118,0.064918,0.887402,0.306941,0.436956,0.298430,0.276740,0.150596,0.193410,0.180771,-0.020557,0.110321,
1.429138,0.160202,0.840177,0.358194,0.502039,0.253207,0.263947,0.175502,0.190853,0.210319,-0.046984,0.071503,
1.526247,0.192670,0.807469,0.312336,0.447374,0.134939,0.142314,0.077664,0.229632,0.235253,0.012530,0.094057,
1.645225,0.155657,0.893085,0.295869,0.509563,0.038494,0.051976,0.189384,0.213489,0.144643,0.019962,0.145184,
1.603099,0.249210,0.907614,0.286363,0.582249,0.053663,0.175143,0.198113,0.219660,0.153637,-0.085030,0.163202,
1.498615,0.309572,0.887209,0.296300,0.496796,0.240561,0.322278,0.158679,0.147439,0.217870,-0.073362,0.066607,
1.560643,0.310980,0.800225,0.337697,0.372743,0.327280,0.274655,0.302033,0.178686,0.112107,-0.044600,0.018181,
1.708068,0.241095,0.940369,0.306021,0.517953,0.215433,0.128835,0.199591,0.195646,0.126896,-0.062072,0.037128,
1.590532,0.348033,1.066225,0.349732,0.543632,0.169610,0.060825,0.130422,0.124692,0.173537,-0.035344,0.004258,
1.727409,0.354316,1.078573,0.336754,0.483629,0.152519,0.049086,0.100267,0.125983,0.077847,-0.030539,0.055374,
1.730410,0.345723,1.058090,0.457833,0.436219,0.144788,0.093846,-0.002941,0.196786,-0.008214,-0.071225,0.146492,
1.640008,0.465252,1.107210,0.540387,0.488819,0.055986,0.080096,0.067815,0.074509,-0.044184,-0.019320,0.066676,
1.614935,0.475448,1.189032,0.593044,0.536732,0.033065,0.046072,0.064299,0.064942,-0.034543,-0.075831,0.026718,
1.675173,0.597629,1.057745,0.589608,0.482362,0.106742,0.030903,-0.026074,0.113155,0.023519,-0.095559,-0.010582,
1.870392,0.595888,1.057410,0.470619,0.594708,0.121480,-0.030242,0.064266,0.055031,0.025150,-0.061367,-0.048901,
1.955747,0.600408,1.023470,0.456399,0.652526,0.114244,-0.110700,0.047076,0.014223,-0.011118,-0.064004,-0.094453,
2.013700,0.659382,0.920833,0.580534,0.611301,0.101496,-0.175326,-0.111417,0.077883,-0.013294,-0.155739,-0.139204,
1.843086,0.824838,0.735429,0.636865,0.538759,0.114074,-0.252680,-0.112796,0.048018,-0.043300,-0.133682,-0.163858,
2.158198,0.705743,0.798225,0.512647,0.612694,0.125918,-0.297657,-0.087161,0.001457,-0.090172,-0.115473,-0.176622,
2.216531,0.649772,0.698849,0.490453,0.632166,0.115417,-0.286543,-0.132386,-0.006019,-0.071021,-0.109282,-0.170019,
2.405043,0.480038,0.604000,0.530581,0.698847,0.168191,-0.385646,-0.143216,0.044904,-0.109348,-0.149468,-0.198714,
2.198002,0.633099,0.507519,0.539033,0.674316,0.188208,-0.404179,-0.177203,0.056285,-0.129591,-0.136684,-0.226567,
2.491759,0.525624,0.561835,0.319641,0.750946,0.250421,-0.366238,-0.259414,0.068432,-0.143304,-0.164000,-0.192676,
2.497324,0.523891,0.543119,0.275285,0.740951,0.264244,-0.420443,-0.254903,0.040211,-0.123082,-0.110438,-0.215357,
2.567893,0.495273,0.491729,0.232174,0.802385,0.237187,-0.424946,-0.250598,-0.017983,-0.094400,-0.101547,-0.237643,
2.651929,0.424602,0.509859,0.170096,0.782105,0.296005,-0.411221,-0.273388,0.000279,-0.144263,-0.134265,-0.193576,
2.747308,0.194508,0.715361,0.074422,0.756104,0.354310,-0.476069,-0.280207,0.013485,-0.143716,-0.153125,-0.153001,
2.658144,0.160223,0.709158,0.135129,0.710084,0.348010,-0.517756,-0.312728,0.053573,-0.146430,-0.124978,-0.130164,
2.249747,0.494678,0.436778,0.313425,0.585227,0.315442,-0.491047,-0.306325,0.104897,-0.201594,-0.080411,-0.135602,
2.574495,0.314139,0.503376,0.132904,0.668773,0.333014,-0.488411,-0.281669,0.030357,-0.202446,-0.082437,-0.118460,
2.685450,0.227217,0.511044,0.067902,0.673528,0.347798,-0.511711,-0.274353,0.005256,-0.202902,-0.069020,-0.123509,
2.410115,0.339282,0.480194,0.108617,0.595082,0.322266,-0.515028,-0.279154,0.050519,-0.192585,-0.034870,-0.114091,
2.363146,0.336222,0.494372,0.107933,0.577872,0.302169,-0.509855,-0.312815,0.055595,-0.172746,-0.038573,-0.104730,
2.767477,-0.188058,0.912945,-0.139464,0.665689,0.457545,-0.667266,-0.266983,-0.011938,-0.173232,-0.023448,-0.169984,
2.533943,-0.156433,0.928102,-0.203165,0.622005,0.404918,-0.687917,-0.211764,0.001620,-0.171604,0.044940,-0.169647,
2.254230,0.088718,0.750680,-0.095797,0.559563,0.259847,-0.578679,-0.246877,0.021302,-0.115785,0.004083,-0.137097,
2.868690,-0.201372,0.910548,-0.338287,0.656012,0.577442,-0.702024,-0.291301,-0.070428,-0.239775,0.009057,-0.157599,
2.785355,-0.150332,0.813480,-0.288889,0.652831,0.474441,-0.693016,-0.295166,-0.050842,-0.212436,0.003224,-0.132521,
2.772702,-0.185289,0.792322,-0.243365,0.612023,0.430614,-0.706725,-0.314770,-0.032444,-0.212159,-0.008752,-0.127131,
2.833971,-0.286355,0.848552,-0.282916,0.598820,0.481815,-0.746184,-0.316049,-0.049412,-0.252808,-0.007123,-0.142364,
2.699981,-0.259602,0.841666,-0.272374,0.648843,0.381314,-0.759656,-0.250897,-0.083456,-0.212780,0.006985,-0.187226,
2.667759,-0.226656,0.854956,-0.322453,0.682370,0.363252,-0.793008,-0.220718,-0.111855,-0.225119,0.016436,-0.209988,
2.459599,-0.111560,0.817950,-0.297417,0.663849,0.194285,-0.738652,-0.133435,-0.110896,-0.153178,0.013214,-0.227698,
2.440817,-0.124846,0.841354,-0.218001,0.566329,0.144648,-0.678555,-0.192981,-0.091558,-0.076999,-0.026434,-0.202070,
2.635251,-0.235439,0.877531,-0.260866,0.568389,0.265284,-0.725927,-0.254593,-0.091702,-0.116594,-0.041241,-0.192484,
2.536435,-0.135732,0.839564,-0.272647,0.593860,0.215425,-0.707630,-0.198143,-0.091551,-0.141731,-0.017120,-0.165878,
2.339052,0.143592,0.645606,-0.244949,0.659693,0.046423,-0.598670,-0.179085,-0.118581,-0.038799,-0.023504,-0.172329,
2.406079,0.137960,0.650364,-0.334441,0.740970,0.042978,-0.612495,-0.163908,-0.160895,-0.005502,-0.066171,-0.180130,
2.457721,0.061033,0.697923,-0.397658,0.757077,0.096611,-0.654945,-0.149872,-0.151856,-0.046935,-0.091534,-0.145627,
2.376845,0.095806,0.648157,-0.382347,0.730776,0.050101,-0.663255,-0.134517,-0.117729,-0.038933,-0.026270,-0.143917,
2.204821,0.254160,0.554494,-0.275310,0.676741,-0.053688,-0.613197,-0.161573,-0.045577,-0.034012,-0.015186,-0.125797,
2.344286,0.237022,0.605470,-0.402654,0.706094,-0.020143,-0.615198,-0.112766,-0.081371,-0.024646,-0.038954,-0.119996,
2.346183,0.209889,0.537625,-0.426727,0.777053,-0.004568,-0.585672,-0.104392,-0.119464,-0.006008,-0.037579,-0.108873,
2.312420,0.188770,0.537396,-0.410398,0.785691,-0.008522,-0.594317,-0.068760,-0.112127,-0.008054,-0.012069,-0.124316,
2.226394,0.222715,0.513955,-0.407109,0.799272,-0.042918,-0.572292,-0.007179,-0.107384,-0.008243,0.015312,-0.136691,
2.073165,0.346751,0.366284,-0.358695,0.834987,-0.155889,-0.465881,-0.047133,-0.073264,0.060039,-0.022606,-0.088996,
2.057604,0.350733,0.310835,-0.338660,0.852860,-0.172249,-0.453673,-0.020427,-0.089856,0.073181,-0.006095,-0.100915,
1.976725,0.428371,0.242466,-0.292191,0.823905,-0.178211,-0.402415,0.003386,-0.056923,0.019051,0.020058,-0.097790,
1.880364,0.413716,0.248511,-0.208857,0.840476,-0.157243,-0.406765,0.002421,-0.007634,-0.017704,0.040273,-0.108397,
1.841497,0.309349,0.271443,-0.222515,0.906240,-0.157836,-0.380171,0.014608,-0.032127,0.019346,0.032258,-0.053915,
1.835053,0.262359,0.216715,-0.231398,0.938701,-0.165875,-0.314253,0.004136,-0.037730,0.087211,0.037168,0.025726,
1.821727,0.245591,0.307122,-0.341469,0.992852,-0.131486,-0.302307,0.117623,-0.119679,0.147764,0.094705,0.016881,
1.767288,0.193932,0.316428,-0.296163,0.950859,-0.125688,-0.269148,0.166676,-0.075776,0.154667,0.156606,0.062889,
1.823613,0.028193,0.275327,-0.125841,0.778717,-0.036258,-0.241212,0.122142,0.141516,0.152992,0.173479,0.117237,
1.612044,-0.031380,0.362565,0.006467,0.649165,0.048095,-0.148919,0.063461,0.266741,0.105372,0.113212,0.125183,
1.657440,0.083659,0.658291,-0.002248,0.688676,-0.004338,-0.166358,0.134837,0.145545,0.163224,0.039102,0.077019,
1.733406,0.215274,0.750843,0.076787,0.661482,-0.027188,-0.138581,0.141726,0.019033,0.118643,-0.028194,-0.017898,
1.721648,0.203844,0.719512,0.178203,0.672700,-0.045415,-0.092471,0.099410,0.018474,0.154920,-0.109127,-0.059839,
1.657598,0.170933,0.696963,0.176373,0.691208,-0.033865,-0.169857,0.080889,0.005872,0.058338,-0.087148,-0.061994,
1.656125,0.224007,0.819758,0.090490,0.588310,-0.069777,-0.278676,0.047894,0.073129,-0.014005,-0.086469,-0.007625,
1.703062,0.205245,0.878053,0.011402,0.482530,-0.065463,-0.285186,0.069851,0.108652,-0.004568,-0.087998,0.024170,
1.664390,0.177086,0.767716,0.042084,0.550257,-0.050913,-0.247454,0.105655,-0.022157,0.005863,0.001996,-0.049069,
1.587267,0.171001,0.742053,-0.063724,0.470324,-0.032356,-0.243603,0.015456,-0.076194,-0.030633,-0.006952,-0.056953,
1.541450,0.170372,0.832806,-0.005633,0.448268,-0.035114,-0.275465,0.008367,-0.036325,0.005026,-0.006663,-0.050509,
1.441242,0.197429,0.898086,0.051325,0.497288,-0.070961,-0.236508,-0.047412,-0.063820,0.033065,-0.033340,-0.015195,
1.482408,0.070252,0.876568,0.048840,0.480367,0.023655,-0.148389,0.003512,-0.118468,0.016307,0.004784,-0.028292,
1.579117,0.012165,0.761967,0.028659,0.463032,0.089073,-0.158121,0.014313,-0.066391,-0.034552,-0.019946,-0.015622,
1.532318,0.004400,0.696345,0.069453,0.469405,0.070604,-0.091927,-0.031972,-0.017655,-0.049617,-0.082419,0.061340,
1.513920,0.073926,0.632500,0.056488,0.526831,0.027498,0.000311,-0.017094,-0.001510,0.055228,-0.174805,0.023575,
1.498616,0.166542,0.672994,0.087321,0.417901,0.061726,0.008666,-0.058958,0.082418,0.024940,-0.152146,0.045734,
1.615121,0.109300,0.713695,-0.041696,0.239205,0.106157,0.045829,0.007981,0.130298,-0.068756,-0.167806,0.086800,
1.670590,0.065158,0.715582,-0.097223,0.222727,0.057640,0.028999,0.044491,0.109560,-0.038659,-0.163947,0.060374,
1.654329,0.123336,0.745283,-0.051702,0.180652,-0.006361,0.007762,0.014630,0.124730,0.037306,-0.216890,-0.007339,
1.554128,0.144339,0.743117,-0.008412,0.287790,0.071487,0.027750,-0.038116,0.149668,-0.089036,-0.250146,0.097475,
1.532905,0.018530,0.682995,0.073310,0.386254,0.142143,0.015418,-0.067279,0.066051,-0.072465,-0.145321,0.092380,
1.538953,-0.032605,0.655147,0.002941,0.383996,0.208566,0.097662,-0.061497,-0.124309,0.054467,-0.007655,0.019020,
1.380664,-0.211055,0.650221,0.031033,0.396981,0.109209,0.106092,-0.039884,-0.024915,0.089247,-0.034108,0.088829,
0.615426,-0.646192,0.641561,0.142407,0.669658,0.107309,-0.054569,0.083826,0.071395,0.123280,-0.031588,0.002414,
0.247480,-0.939609,0.447218,0.126188,0.767997,0.151326,-0.054635,0.049398,0.077278,0.157821,-0.013380,0.035531,
-0.083058,-0.886720,0.532322,0.081059,0.719938,0.106573,-0.038181,0.054083,0.042549,0.174719,-0.014131,-0.003013,
-0.580857,-0.997226,0.793681,0.185569,0.708879,0.059345,-0.002392,0.035060,0.067476,0.151595,-0.021346,0.002506,
-0.796555,-1.124303,0.683836,0.207439,0.774213,0.024185,-0.046319,-0.021836,0.130687,0.221886,0.001626,-0.004226,
-0.882213,-1.318640,0.501697,0.171844,0.766549,-0.088962,-0.009530,0.077298,0.061198,0.180979,0.032315,0.063010,
-0.905616,-1.321309,0.505539,0.038170,0.728724,-0.027780,-0.013963,0.097297,0.023887,0.145972,0.011705,0.047549,
-0.870292,-1.324705,0.485160,0.040645,0.697240,-0.002611,-0.021169,0.050991,0.089167,0.099895,-0.051701,0.089055,
-0.800724,-1.462455,0.335998,0.092999,0.735894,0.000488,0.013542,-0.016574,0.030135,0.146687,0.018956,0.071434,
-0.777615,-1.410148,0.274866,-0.070669,0.694290,-0.000408,-0.103440,0.067569,-0.043828,0.089038,0.050435,-0.058723,
-0.865558,-1.398083,0.354048,-0.041154,0.646318,0.057493,-0.192933,0.069345,-0.014482,0.076017,0.071411,-0.083111,
-0.853352,-1.441937,0.430367,-0.004580,0.682699,0.087139,-0.164449,0.019041,0.049156,0.053930,0.053633,0.049739,
-0.775986,-1.371741,0.438157,-0.044140,0.630553,0.061008,-0.062946,-0.039241,0.050363,0.085580,0.009105,0.056565,
-0.637820,-1.362375,0.300855,-0.111258,0.651748,0.024976,-0.133821,0.002499,0.025535,0.122098,-0.032064,0.018067,
-0.589129,-1.354983,0.361452,-0.211147,0.579814,-0.025816,-0.232072,0.164254,0.066922,0.094325,-0.030177,-0.089159,
-0.587580,-1.351848,0.326367,-0.079690,0.652388,0.056584,-0.239233,0.209484,0.092453,0.090963,0.043253,-0.095122,
-0.473350,-1.367424,0.347034,-0.021619,0.691347,0.131918,-0.192155,0.210530,0.059715,0.068648,0.107606,-0.005847,
-0.376349,-1.159459,0.704152,0.000106,0.693404,0.139015,-0.134181,0.125591,-0.028902,0.035421,0.064160,-0.002198,
-0.377009,-1.108976,0.770262,0.086963,0.827073,0.162458,-0.055991,0.049064,-0.016573,0.152885,0.058297,-0.029508,
-0.389755,-1.085650,0.645533,0.111217,0.847402,0.169979,-0.056039,0.046833,0.017794,0.231632,0.099877,-0.028357,
-0.377610,-1.054609,0.559268,-0.018779,0.703251,0.180374,-0.055855,0.070629,0.074280,0.164870,0.126880,0.045035,
-0.399237,-1.087972,0.510371,-0.050662,0.716098,0.221614,0.006951,0.049837,0.045038,0.159366,0.133149,0.065627,
-0.411010,-1.182301,0.525863,-0.037725,0.818235,0.240680,-0.013944,0.016819,0.057341,0.179650,0.064611,0.141852,
-0.519772,-1.272018,0.568517,-0.021303,0.792837,0.230568,-0.023103,-0.007258,0.076647,0.165313,0.042259,0.193252,
-0.556419,-1.316403,0.458379,-0.055673,0.774604,0.187787,-0.050591,0.006371,-0.039366,0.085494,0.111118,0.118627,
-0.527311,-1.290998,0.389128,-0.090084,0.783292,0.186005,-0.078560,0.001879,-0.023789,0.144869,0.098779,0.043152,
-0.498256,-1.289676,0.455365,-0.147812,0.780156,0.267352,-0.081909,0.038352,0.029232,0.196542,0.062736,0.022173,
-0.403915,-1.332896,0.393575,-0.052012,0.761177,0.298046,-0.098928,-0.012290,0.104621,0.146798,0.074238,0.057406,
-0.302819,-1.246799,0.455010,-0.075881,0.661931,0.223824,-0.157262,-0.030620,0.101776,0.109963,0.026279,0.002802,
-0.317959,-1.148357,0.545259,-0.094434,0.696511,0.283985,-0.109563,-0.141611,0.028791,0.070012,0.021778,0.053455,
-0.292832,-1.306653,0.431413,-0.000054,0.732594,0.294691,-0.062562,-0.194138,0.015848,0.150994,0.055408,0.019188,
-0.185661,-1.228260,0.279434,-0.132476,0.681441,0.202064,-0.164537,-0.078539,-0.072989,0.130366,-0.005341,-0.024427,
-0.082889,-1.057424,0.193348,-0.321719,0.524901,0.160454,-0.251568,0.010220,0.076343,0.090336,-0.033087,-0.090412,
0.166450,-1.070269,0.356644,-0.227060,0.448590,0.186198,-0.105267,-0.003429,0.140519,0.167967,-0.051017,-0.118458,
