70
34
8
-22
-27
-3
-30
-28
-6
-23
-49
-60
-18
17
-18
-49
0
3
-52
-32
2
9
20
2
-14
-26
-28
-14
-3
2
4
-14
-57
-39
8
-19
-49
-29
-32
-52
-31
32
34
-40
-26
-3
-5
59
55
40
37
-24
-34
-12
5
39
40
13
-13
-9
-15
-46
-32
-21
-37
1
33
-5
-11
-22
-27
6
24
0
-49
-15
-37
-58
-10
-26
11
20
-14
-11
-26
-46
-60
18
48
22
53
46
43
35
29
15
17
19
-2
19
5
26
51
54
68
30
73
73
30
77
49
77
105
74
75
51
74
80
54
42
49
90
94
54
28
43
26
26
63
21
18
20
-20
20
31
-21
-26
-10
6
37
5
-54
-19
-8
-38
-13
-40
-89
-69
-88
-83
-28
-37
-86
-114
-105
-125
-146
-168
-174
-152
-130
-117
-173
-194
-177
-185
-180
-167
-148
-137
-149
-127
-113
-148
-112
-83
-74
-40
-64
-59
-42
-47
-38
-46
14
53
48
44
37
94
117
105
107
92
97
122
140
142
112
145
163
131
171
181
166
153
145
182
171
191
220
139
155
168
152
156
73
70
42
26
90
73
64
33
13
20
0
2
-1
3
14
6
-36
-54
-12
-11
-51
-51
-46
-33
13
12
-22
-40
-70
-92
-82
-63
-58
-78
-89
-52
-46
-65
-83
-100
-74
-103
-137
-83
-50
-64
-86
-112
-92
-102
-102
-54
-75
-86
-102
-106
-86
-104
-57
-1
3
-19
14
57
6
23
31
-17
6
16
32
46
53
47
-14
-11
32
26
19
15
34
40
40
57
15
8
48
4
-37
-23
-30
-47
-19
-12
-7
3
-25
7
27
-37
-9
34
4
20
16
-2
-3
-11
8
1
32
78
71
49
51
65
59
77
82
58
20
23
52
38
26
40
63
54
36
78
74
9
8
41
54
59
43
9
11
21
25
57
28
5
37
-18
-61
-36
-29
-21
-14
-7
28
30
-23
-48
-60
-33
18
39
22
-48
-49
-22
-33
-7
-37
-74
-1
5
-38
7
-2
-56
-24
-20
-42
-3
-34
-46
-32
-67
-19
9
5
-2
-30
-30
-38
-6
25
-7
-40
-23
-20
-34
-14
-26
-2
28
11
5
7
-3
1
46
51
45
37
-43
-80
-42
-5
-23
0
33
-31
7
5
-42
24
77
61
-19
-6
-31
-75
-24
-32
-12
10
22
31
11
15
-5
2
-4
-34
6
7
5
33
-2
-24
4
7
-5
18
16
-21
-4
32
37
17
31
62
2
-17
23
-9
-3
14
-28
14
15
-43
11
-4
-26
16
20
-6
-27
41
49
-25
-23
2
9
39
19
-30
10
52
28
4
9
18
32
52
-12
-39
49
60
-4
-2
44
28
0
43
10
-30
-3
-21
43
43
-20
17
14
24
16
17
16
5
55
2
-18
37
10
29
81
45
23
5
-63
-75
-31
-28
-43
-16
-32
-55
-31
-25
-24
-36
-34
0
-6
-25
-20
-31
-23
-9
-25
0
-6
-8
-1
-37
-8
-12
-22
-6
-21
-3
-35
-74
-41
-22
-35
-30
-8
20
20
-8
9
28
46
46
-11
-50
-29
18
7
0
35
15
-5
-8
-20
5
14
24
23
9
40
39
34
27
12
-18
-42
-11
-26
-47
-16
9
-1
-19
-22
-29
-6
-6
-24
-21
-35
-18
3
-3
3
14
15
9
-23
-13
-5
-16
40
14
-39
-8
11
6
10
4
-32
-15
28
4
-23
17
12
18
55
37
35
39
1
-7
6
-10
21
41
25
9
-24
-2
35
43
46
44
40
37
-13
6
66
11
-11
31
25
-7
-15
-23
-18
-11
-1
-9
-46
-10
-8
-51
-83
-68
-31
-45
-28
-17
-14
-16
-37
11
42
7
10
-1
-21
-12
-25
1
10
-20
17
21
-33
-30
-20
-37
-22
-11
2
1
0
11
-9
7
4
-20
11
26
0
0
17
-2
-1
17
-6
-42
-35
-16
-52
-51
-24
-14
-1
-13
-4
31
53
-4
-40
18
62
33
-26
11
22
-3
10
0
43
35
-22
-32
-37
-18
13
32
20
-1
14
26
11
25
37
19
41
39
23
37
4
14
49
11
22
44
23
29
12
-8
-18
-8
17
1
2
5
9
11
-13
-9
-4
13
5
8
24
-28
-17
11
3
-3
-15
-23
-37
-36
-6
1
-29
-29
-5
34
23
-15
-6
-37
-36
-2
-15
-34
-16
-19
-40
-12
-17
-28
-18
-23
-22
-28
-5
-12
-25
-23
-48
-60
-51
-11
6
4
-4
-17
15
53
25
-4
0
-21
-2
11
25
51
35
54
81
75
54
28
22
40
16
-26
-20
-17
6
-24
-18
34
-13
2
23
-14
-17
-9
-9
13
33
-13
-31
-30
-50
-21
11
9
1
12
33
42
37
49
51
44
12
-24
-11
-37
-12
14
-46
-23
-17
-26
14
47
36
-24
-17
8
-11
-19
-5
-21
-43
-34
-31
-22
-7
7
1
20
14
-8
34
5
-48
-30
12
-5
-13
24
-11
-3
-3
-25
-27
-52
-21
18
15
35
58
8
-22
-5
17
42
-19
-41
27
6
-15
11
-13
-22
-17
-12
9
-8
-4
12
-34
-25
25
38
7
11
55
32
29
14
3
23
14
20
-8
-13
-6
-15
-40
-54
-23
-6
20
13
14
34
45
23
9
35
-11
-11
11
8
38
-7
-34
-9
-9
-22
-32
-3
5
-15
-18
4
26
-6
-23
-22
-8
15
-6
-2
12
2
31
23
-10
-2
-16
-26
-14
-6
11
22
17
32
39
43
43
12
-10
-38
-4
36
5
17
22
8
5
29
40
-15
-18
-9
-17
-17
-44
-29
-23
-14
-8
-9
30
35
27
3
-13
8
-1
-22
-33
-3
-1
-19
-6
-9
4
35
60
57
54
29
-12
-2
1
-11
-37
-18
31
28
-5
-63
-38
-15
-59
-44
-4
35
1
-47
-12
33
14
-69
-73
-11
-23
-37
-2
-1
3
2
-41
-35
-34
-41
-28
-15
8
-18
-14
1
3
45
36
6
33
37
35
9
-39
-12
31
42
39
34
0
-7
1
-14
11
8
-12
-25
-22
20
8
-10
-6
-32
-9
4
-9
11
10
6
-2
-14
3
16
3
-7
20
14
11
6
5
34
32
37
24
5
-6
-12
-9
6
48
25
-22
-17
4
23
25
9
10
3
-6
26
19
-16
-29
-42
-66
-28
22
1
-1
17
28
30
19
9
-11
-24
-7
24
12
-23
-43
-29
4
15
19
19
11
31
51
8
-6
14
-1
3
14
8
8
-1
-29
-3
10
-42
-40
-3
-5
-25
-17
-12
-5
6
-2
19
0
-30
13
25
-8
-22
-23
-30
-43
-21
-9
-14
-12
-17
-12
-1
20
11
-4
-3
4
17
14
7
-8
-23
-29
-17
-2
-17
-39
13
36
4
5
-15
-21
-6
9
28
17
-37
-29
14
31
71
43
3
17
21
21
-11
-26
-11
-4
-24
-6
29
-11
-18
-9
-11
9
-8
-19
-23
-15
0
5
3
-6
15
8
-21
11
43
19
-10
3
17
19
17
-1
3
0
-29
-45
-34
-10
2
-32
-37
16
17
6
19
9
13
14
-14
16
41
0
-11
2
-15
-4
24
18
15
19
26
26
18
39
14
-45
-33
-11
14
43
40
32
24
9
10
31
2
-1
-3
-33
-17
1
-32
-38
8
-8
-21
-20
-43
-25
-1
1
6
-17
-22
23
-12
-29
1
-8
-20
-34
-26
-8
9
-5
2
22
-21
-22
-21
-19
5
-3
11
32
3
-21
16
11
7
42
44
19
-30
-34
-11
-17
-40
-29
-15
-29
8
32
17
21
0
-3
0
-26
-13
-18
-19
1
-18
2
37
53
49
24
51
42
26
5
-43
-9
-2
-8
38
40
19
31
17
-2
25
-16
-45
4
-2
16
55
8
-9
30
31
17
28
27
35
9
-35
6
14
-6
6
-2
-12
-26
-40
-29
-19
-27
-9
-13
-27
-5
5
-18
-5
3
-23
-12
-25
-26
-12
-35
-16
2
-17
-12
29
34
29
41
8
-9
-6
-6
17
23
-3
-2
10
0
-8
-32
-12
-8
-19
4
0
-11
-20
-7
-19
-6
18
-25
-28
-6
-38
-53
-34
-28
-14
-22
-28
-12
29
40
15
9
-5
-13
-24
-12
19
31
6
-11
-3
13
28
14
11
20
15
8
17
14
20
15
0
11
13
43
38
-16
-35
-37
-12
11
27
37
33
2
-15
9
25
56
43
-7
-14
7
5
-23
3
54
29
5
15
4
29
18
-5
4
-7
6
25
5
-4
44
37
-3
-4
-5
10
14
3
22
8
-10
18
3
-15
14
9
-36
-37
-22
-39
-43
-30
-1
6
-15
-11
-12
-46
-76
-76
-89
-86
-63
-58
-57
-52
-21
7
-15
-42
-26
-20
-33
-18
-4
-29
-49
-37
-37
-7
9
18
38
10
25
27
9
8
12
22
27
46
43
41
38
53
56
37
31
37
45
15
19
44
43
41
54
56
31
11
-18
3
11
-13
-1
-23
-8
-12
-30
3
-18
-30
-14
-10
-23
16
61
37
42
34
20
29
9
9
21
6
22
24
-16
-9
10
9
12
11
19
32
15
-11
-14
-58
-66
-46
-41
-18
-36
-33
-36
-43
-20
-20
-14
-6
1
-15
-19
3
-2
-22
-18
8
-9
-31
3
8
-12
-29
-30
20
16
-15
18
29
3
11
-11
-35
-5
-16
-36
-30
-41
-33
-12
-16
17
56
46
28
39
48
26
48
40
14
35
-4
-22
-7
-5
37
32
-18
5
15
-26
-20
-14
-14
0
-7
15
29
15
-9
-14
0
-5
-20
-51
-29
-14
-31
6
14
9
-2
-20
-2
33
39
17
25
19
-14
-46
-58
-30
-37
-44
-12
-1
-1
-9
-14
-13
5
13
-6
9
32
17
11
12
-3
-24
-33
-26
2
6
-1
28
35
31
38
65
77
27
7
27
0
-3
23
-10
-27
-12
-9
-5
10
28
1
-3
-10
-29
23
31
-12
-18
-19
-15
17
21
-8
3
10
2
-22
-9
34
8
-24
11
25
-1
3
-10
-8
6
-5
0
2
12
-14
-28
3
17
17
8
9
34
30
13
-2
-37
-5
-9
-49
-15
-13
-2
31
17
-11
17
21
-15
-20
-23
-25
-46
-33
-1
-24
-45
-25
-16
-22
15
22
-26
-18
-5
-33
-34
-6
-6
-32
-19
4
4
8
-8
-14
6
10
23
-6
-38
-13
10
1
-18
-7
-21
-20
28
45
34
30
30
-11
-27
-19
-29
-3
31
30
15
6
12
45
57
20
1
6
-15
-30
-4
23
4
11
18
-11
0
4
16
35
-23
-22
21
3
2
2
-19
9
35
21
27
47
64
41
32
37
18
-8
7
20
-5
3
12
5
5
29
27
-12
-3
35
9
-32
-16
-26
-37
-24
-36
-27
-6
6
18
6
6
9
-11
-21
-11
6
5
-14
-32
-17
-10
-19
-22
-23
-11
-21
-3
9
-17
9
17
13
5
-31
-40
-43
-27
11
-6
-24
-19
-26
-24
-11
7
14
12
0
3
-7
-16
3
6
-4
-24
-31
-13
-10
-6
14
8
-1
31
25
14
32
15
6
25
5
-20
-14
6
52
45
1
25
36
7
0
10
-15
-28
-4
-14
-11
8
-9
11
17
-14
-20
-22
-33
-34
-7
-8
-27
-25
-9
-2
-5
-5
2
24
25
-1
0
32
21
1
18
0
-19
10
12
-17
-3
32
12
-22
-21
-11
-12
-5
13
9
0
-9
3
20
24
54
39
-14
-12
-24
-40
-5
-11
-29
7
9
24
77
56
11
17
15
-8
-2
-1
-9
23
2
-23
-8
-31
-21
-1
-23
-29
-6
28
37
20
13
10
-3
6
0
-41
-31
11
8
-4
2
-9
-23
16
32
8
14
22
23
19
26
14
-14
-12
-12
-8
-28
-60
-42
-30
-44
-33
0
6
0
3
-14
-11
-12
-15
-29
-68
-61
-47
-38
-26
-26
-18
0
11
12
25
15
-8
-3
5
6
5
15
3
-9
11
30
29
33
39
10
22
43
24
37
31
7
18
41
27
22
20
1
7
14
18
15
6
6
-7
-23
3
38
23
16
26
9
21
48
17
-2
8
1
5
2
5
23
17
11
-15
-34
-26
-31
20
54
32
48
19
5
41
24
2
-3
-17
-49
-65
-39
-21
-4
14
-4
-11
19
9
-9
-5
-21
-28
-27
-32
-40
-40
-31
-49
-37
-3
3
-16
-55
-51
-33
-51
-37
-25
-31
1
1
-25
9
6
-39
-49
-33
-34
-64
-40
4
21
28
27
9
-10
-11
-2
3
-3
12
14
-1
-19
-34
-11
-1
27
38
9
20
30
24
23
20
-7
-35
-19
-20
-1
33
15
24
33
12
17
8
-12
-3
15
21
22
26
17
26
37
24
28
22
13
3
-5
26
28
8
23
39
43
52
70
42
0
-21
-45
-31
-39
-49
-12
5
3
17
20
12
40
27
5
12
-21
-20
-20
-40
-23
-16
-12
-6
-7
6
27
45
52
54
35
8
-23
-35
-32
-29
-8
-15
-28
-1
8
11
25
1
-6
8
-2
-8
-16
-29
1
6
-16
23
20
-26
-23
-11
-22
-31
-23
-2
-16
-17
5
1
6
14
9
-7
-28
-25
-9
-8
-23
-46
-52
-41
-32
-27
19
60
26
18
50
50
14
-5
-5
-27
-2
20
-21
-8
18
8
15
22
5
6
23
0
-20
6
20
11
16
16
-9
-23
-4
-15
-24
-14
-23
-11
-3
-3
-6
-6
15
6
21
38
27
35
6
-24
-8
-3
-20
-22
-15
-1
27
26
7
-5
-13
0
10
-11
-44
-20
0
-18
-16
-13
-12
-35
-25
9
13
6
1
0
-6
3
-16
-30
-13
-18
-16
14
52
44
29
14
-14
2
29
29
3
-12
13
19
-4
-7
24
22
0
-5
-6
-5
11
11
18
38
14
12
17
-1
-5
-20
-16
11
-6
-3
14
-12
-1
28
17
-3
-4
6
-3
-15
0
7
-2
17
20
-11
7
31
9
-14
-3
17
-21
-25
-19
-40
-14
-2
-8
-18
-11
1
-30
-48
-18
-20
-11
20
8
14
8
-26
-34
-35
-18
-5
-28
-22
16
14
5
37
20
-15
-8
-24
-43
0
35
12
14
29
-1
-29
-25
-23
-12
16
16
4
7
22
29
25
21
5
-16
-8
10
11
14
27
33
31
31
20
22
40
32
20
3
11
39
18
9
8
-35
-31
-12
-44
-27
13
8
11
1
-8
-10
-5
-3
-34
-31
-4
-18
-23
-16
-20
-11
0
-5
-23
-22
1
6
0
8
3
-4
-9
9
4
-39
-8
4
-26
0
30
18
16
33
25
-5
12
42
-19
-31
-6
-23
-2
1
-28
-57
-41
-14
-31
3
28
22
23
15
14
13
21
22
19
13
-1
5
9
-6
-17
13
11
15
55
45
28
4
-17
-4
-12
-32
-19
-3
-8
-2
11
8
20
29
11
-1
-3
-7
-8
4
4
-31
-32
-9
-35
-49
-10
-3
-24
-11
-12
-27
-13
-15
-18
4
-5
-29
1
16
16
37
22
-1
-21
-42
-5
21
12
20
-6
-19
-8
3
14
-9
-15
-25
-22
12
9
23
22
-11
-8
0
17
17
8
11
-1
7
28
16
2
9
20
34
17
4
6
2
16
16
-12
-24
2
13
0
16
20
14
10
0
-7
-14
-3
24
0
-9
21
-31
-39
-10
-44
-37
-6
-3
-6
3
15
-4
-18
-8
-11
-14
-5
-16
-6
21
17
17
-12
-34
-17
-9
-7
-13
7
15
2
10
12
12
12
11
-9
-17
23
31
-14
-26
-24
-17
26
18
0
25
51
17
-11
17
-12
-1
13
-18
0
3
-8
14
25
11
17
5
-24
-29
-23
-11
-20
-32
-14
-21
-28
17
40
3
-15
-11
-19
-7
9
9
-19
-20
8
12
23
13
9
3
-9
-11
-18
6
9
0
9
-6
4
46
51
6
-13
13
21
14
7
-20
-26
-12
-33
-18
19
-9
3
26
-4
-16
-22
-2
8
-24
-49
-32
-2
6
37
34
16
27
5
-20
-8
20
30
22
-15
-12
7
-6
22
16
-9
0
-11
-15
-3
3
-6
-2
-11
-6
20
13
10
2
-3
-5
-10
4
10
11
-4
8
11
-6
11
5
-10
-8
-12
-4
7
7
-5
0
0
-10
6
5
-23
-20
3
16
21
4
19
12
-15
-14
-18
-17
-15
20
29
-26
-35
-10
-1
0
-7
-19
2
23
-20
-34
3
19
13
-2
-15
-13
25
39
13
-19
-26
-8
-3
-1
-11
-9
13
10
12
17
8
15
9
-8
-2
11
19
8
-5
-21
-36
-12
-11
-13
13
4
9
29
23
27
27
-11
-17
-6
-18
-10
3
15
11
-1
-14
-37
-10
6
-31
-15
22
25
18
-8
-23
-13
-2
12
1
-15
3
14
14
2
-17
-4
3
-3
6
-6
2
32
24
-7
-22
10
1
-44
-10
11
3
26
-6
-7
51
31
30
23
-1
13
-8
6
0
-5
15
-25
-31
-2
7
4
-22
-23
-5
-15
-17
-26
-8
23
-2
-31
-23
-2
9
9
-18
-34
-3
-1
-11
-9
-5
-6
-3
-5
-9
9
-1
-9
3
3
32
40
14
-6
0
14
-1
11
-5
-11
20
-10
-6
27
25
14
7
3
-6
-6
0
-3
7
29
3
-14
-6
-12
19
29
8
-6
-3
10
-14
-21
-12
-26
-3
8
-6
24
42
32
16
-2
2
12
4
-6
-2
5
-9
-5
8
13
14
0
5
3
-6
-11
-16
-20
-26
-3
22
16
-10
-26
-12
-23
-17
-12
-11
0
-23
-19
4
-6
-14
-7
-20
-20
16
18
-7
-21
-31
-15
-9
-20
-14
-15
0
-6
-24
-11
-5
-14
-9
-10
5
17
-16
-10
3
-5
-3
-8
-14
9
36
24
30
23
-2
19
25
19
35
46
33
1
3
29
46
33
5
14
26
26
5
17
18
-5
26
20
6
23
20
3
-8
-13
-3
15
6
-8
-17
-8
5
-8
-20
-31
-29
2
18
4
-9
-11
-17
-19
-7
-3
-3
-9
-33
-13
-1
-23
2
3
-18
-6
-1
-5
-4
-6
-11
-11
-22
-43
-48
-42
-26
-6
21
17
-15
-24
-1
18
-6
-14
-3
-18
-17
-7
-3
20
20
4
3
5
22
20
-11
-18
-14
-8
9
28
19
5
14
13
6
16
8
5
5
-11
23
31
10
-2
-35
1
23
8
22
15
5
5
9
3
0
6
7
17
3
-13
5
17
-3
-21
-4
6
-3
-3
3
10
-11
-14
-11
-13
-4
19
35
-8
-19
-15
-21
-2
0
-10
-29
-43
-34
-3
14
-14
-17
16
12
0
11
5
-15
-20
-6
-4
3
23
14
-5
-8
-9
6
9
-11
-2
5
13
29
10
3
16
5
5
0
-11
10
32
29
21
17
11
16
18
12
20
19
19
14
-3
1
6
-12
-8
8
12
25
24
-3
-9
-16
-24
0
0
0
9
5
11
11
17
6
-4
-3
-17
-17
-25
-28
-17
-25
-42
-30
-23
-13
0
-8
6
-1
-26
-27
-32
-23
-11
3
25
13
-12
-10
-15
-15
-13
-12
-12
-32
-40
-31
-9
12
7
-6
3
31
38
17
0
6
-7
-24
-6
-14
-12
-8
-22
0
8
6
4
1
8
-1
0
14
0
9
21
13
26
5
-4
-1
0
16
12
8
0
-3
1
3
-8
-15
11
26
41
55
43
35
29
13
-15
-11
9
-2
12
5
-6
11
6
6
-11
-5
20
3
9
28
23
-3
-36
-29
-29
-28
-18
-25
-3
17
11
6
1
-1
-8
-6
-3
-12
-4
3
-15
-22
3
4
-20
-35
-21
15
11
14
13
-18
-6
17
-2
-11
-8
-16
17
46
16
20
37
-4
-25
0
11
-10
-20
-26
-35
-15
-10
-8
9
-1
9
44
47
35
20
3
-7
-31
-38
-27
-36
-42
-10
23
7
-5
6
8
-6
3
28
2
-23
-18
-32
-16
-23
-58
-17
5
2
15
17
12
-6
-10
-9
-2
10
9
-1
11
23
1
5
24
28
-5
-2
38
16
-8
-5
-9
17
20
-16
-16
-7
25
35
27
46
49
44
27
6
-2
-2
-1
-18
-26
-19
9
8
-9
5
0
10
25
14
8
-5
-6
9
-18
-39
-42
-39
-23
-47
-49
-13
8
6
-12
-4
23
19
1
28
37
2
0
8
11
2
0
6
15
32
6
20
44
8
-25
-35
-35
-45
-59
-64
-35
-15
-25
-21
-3
-5
-21
-29
-40
-20
-17
-20
-17
2
16
7
35
28
30
31
19
32
20
8
-15
-14
29
21
15
18
1
9
1
14
43
14
-2
-9
-5
-7
-20
-5
-28
-28
-16
-1
39
25
10
16
19
35
26
-15
-9
5
-8
13
11
-2
22
32
44
28
11
26
6
5
-13
-37
-8
-26
-29
-6
-3
12
0
14
17
-3
-8
-2
9
-45
-32
0
-41
-25
-5
-4
-14
-6
5
-29
-14
-21
0
31
-12
22
26
1
20
-9
-19
-31
-18
15
-4
-32
-51
-12
24
-2
-9
8
24
20
17
15
20
11
-9
2
2
-16
-43
-47
3
7
19
95
137
210
146
253
430
264
51
-120
-112
-275
-547
-625
-620
-566
-577
-400
-78
125
247
401
596
712
601
445
338
140
-100
-293
-343
-403
-490
-470
-323
-134
-28
80
220
370
421
375
351
303
181
-40
-158
-177
-257
-320
-329
-222
-136
-65
73
173
262
260
246
286
221
115
44
-34
-120
-198
-215
-173
-175
-175
-127
9
106
116
199
236
230
207
163
108
-9
-129
-144
-155
-243
-240
-215
-148
-102
-63
53
95
117
127
148
160
86
34
11
-53
-103
-127
-109
-147
-132
-54
-51
3
30
108
112
77
149
104
70
18
-22
-29
-98
-80
-96
-74
-76
-117
-31
-3
12
13
14
51
67
63
54
69
42
19
-15
-61
-46
-43
-83
-95
-44
-21
8
15
1
51
80
63
59
69
23
4
17
2
22
13
-29
12
4
13
64
55
98
51
86
104
74
40
-62
-3
-59
-83
-83
-108
-103
-119
-90
-123
-105
-138
-103
-138
-137
-49
6
65
-19
62
101
81
25
35
11
-120
-116
-31
211
59
60
404
495
361
82
146
158
-83
-318
-323
-180
-357
-481
-258
-25
6
-34
97
346
357
197
128
171
129
-72
-176
-169
-172
-236
-289
-154
-3
-37
-22
102
227
221
128
173
225
105
-40
-24
11
-66
-166
-126
-46
-46
-43
26
142
92
41
100
128
46
-60
-72
-4
-74
-199
71
180
103
84
243
367
80
-26
-95
-104
-286
-494
-347
-297
-321
-337
-93
103
147
149
204
299
235
172
69
89
-1
-140
-164
-145
-92
-129
-217
-108
59
4
103
46
355
599
505
629
591
748
380
38
-34
-280
-498
-813
-894
-825
-891
-802
-448
-358
-108
46
288
480
389
413
273
195
-31
-170
-340
-491
-519
-427
-334
-308
-17
19
156
444
482
503
369
395
480
320
215
-30
-12
-55
-219
-46
-87
-2
34
107
334
481
559
564
580
513
553
352
156
-46
-197
-203
-331
-198
-217
-191
19
125
297
358
258
292
85
-131
-252
-692
-650
-789
-981
-804
-761
-396
-254
-87
244
200
309
273
66
7
-407
-496
-711
-1029
-852
-983
-865
-800
-693
-458
-337
-218
-140
-78
-185
-123
-272
-273
-495
-548
-422
-560
-349
-250
176
412
656
941
1168
1419
1465
1663
1582
1593
1390
1444
1478
1316
1412
1251
1422
1533
1551
1600
1476
1462
1380
1248
1121
848
638
358
106
55
-182
-280
-399
-502
-497
-674
-577
-481
-633
-839
-986
-1004
-1285
-1568
-1697
-1863
-1992
-2158
-2108
-1990
-1988
-1873
-1654
-1540
-1345
-1189
-1237
-1211
-1343
-1308
-1361
-1715
-1656
-1781
-1813
-1619
-1680
-1441
-1445
-1395
-1154
-1181
-1074
-1139
-1054
-131
280
621
1205
1033
2259
3026
3392
3711
3100
3551
3867
4186
3893
3264
3137
3235
3413
3578
3340
2829
3080
2821
2871
2540
1654
1427
677
157
-341
-910
-1040
-1634
-2036
-2176
-2402
-2018
-2041
-2344
-2461
-2648
-2451
-2282
-2389
-2494
-2546
-2419
-1902
-1448
-939
-634
-329
366
769
1369
1720
1630
1711
1596
1559
1550
1305
1027
643
498
458
353
281
-74
-466
-733
-1054
-1364
-1681
-2068
-2657
-3000
-3217
-3425
-3188
-3720
-3599
-3580
-3665
-3026
-3474
-2993
-3159
-2984
-2650
-2699
-2364
-1585
-299
111
1539
1392
3026
4462
4837
5937
4934
5641
5693
6064
6119
4934
4733
4769
5023
5183
4797
3994
4283
3952
3711
3222
1883
1410
301
-392
-994
-2208
-2170
-2958
-3506
-3297
-3771
-3168
-3377
-3711
-3693
-3954
-3592
-3615
-3665
-3569
-3535
-3011
-2160
-1770
-937
-310
178
1211
1576
2183
2452
2277
2389
2125
2093
1888
1457
1331
876
785
787
387
220
-196
-596
-760
-1232
-1842
-2324
-2976
-3265
-3593
-4010
-3961
-4399
-4311
-4129
-4337
-3757
-3846
-3758
-3193
-3393
-2968
-2493
-1090
-349
545
1460
1841
4199
4863
5837
5798
5693
6409
6561
7215
6070
5665
5455
5640
5933
5518
4785
4255
4467
3958
3478
2523
1401
815
-12
-851
-1667
-2486
-2788
-3530
-3801
-3969
-4379
-4043
-4427
-4377
-4403
-4411
-4103
-4083
-3776
-3670
-3178
-2539
-1834
-1186
-493
157
696
1464
1782
2253
2494
2355
2502
2328
2296
2097
1728
1558
1006
843
571
79
-208
-854
-1144
-1491
-2085
-2365
-3034
-3301
-3729
-3985
-4196
-4551
-4305
-4999
-4344
-4655
-4479
-3962
-4257
-3379
-3309
-1002
-721
648
1660
1737
4590
4933
6225
5743
5718
6377
6555
7359
6192
5862
5754
6192
6371
6247
5441
4851
5193
4489
3979
2766
1482
976
-37
-657
-1763
-2678
-2761
-3642
-3607
-3912
-4269
-4138
-4601
-4602
-4725
-4686
-4690
-4633
-4402
-4012
-3656
-3003
-2212
-1629
-529
51
731
1535
1866
2357
2539
2530
2517
2307
2287
2092
1758
1599
1169
1001
764
226
-90
-640
-990
-1339
-1924
-2349
-3163
-3149
-3734
-4093
-3832
-4817
-4170
-4780
-4480
-4263
-4526
-3746
-4548
-3064
-3672
-1834
-398
-284
2115
1545
4061
5186
6090
6654
5806
6755
6585
7225
6689
5939
5663
6045
6299
6018
5725
4702
4976
4557
3762
2911
1291
841
-187
-1102
-1679
-3185
-3115
-3620
-4053
-3958
-4573
-4285
-4503
-4514
-4568
-4755
-4592
-4582
-4428
-3960
-3545
-3139
-2090
-1492
-575
360
907
1798
2181
2700
3011
2899
2995
2631
2493
2419
1904
1748
1231
876
738
236
-24
-617
-1029
-1312
-1932
-2330
-2917
-3578
-3726
-4105
-4406
-4468
-4866
-4771
-4624
-4552
-4399
-4182
-4114
-3595
-3275
-3096
-1172
-544
822
2074
2143
4608
5549
6744
7063
6394
7229
7035
7495
6977
5844
5838
5917
5943
6038
5243
4611
4821
4161
3777
2468
1127
683
-612
-1099
-2332
-3550
-3401
-4308
-4332
-4567
-4972
-4420
-4693
-4487
-4516
-4596
-4303
-4359
-4093
-3704
-3504
-2831
-2089
-1510
-303
308
1101
2052
2394
3162
3231
3353
3380
2923
2931
2341
1957
1620
946
749
385
-46
-330
-895
-1182
-1388
-2050
-2331
-3152
-3551
-3715
-4450
-4319
-5165
-5040
-5044
-5251
-4432
-4981
-4150
-4117
-3704
-2857
-3132
-1142
-346
658
2340
2306
4194
5741
6520
7256
6810
7268
7584
7875
7625
6636
6171
6362
6223
6056
5611
4403
4679
4222
3511
2720
1131
739
-411
-1209
-2066
-3581
-3592
-4308
-4844
-4824
-5366
-5053
-5001
-5086
-4908
-4906
-4597
-4420
-4308
-3818
-3562
-3007
-2050
-1630
-601
191
759
1810
2297
3028
3271
3392
3576
3230
3270
2886
2355
2021
1403
1033
761
177
-240
-705
-1063
-1224
-1783
-1997
-2745
-3116
-3223
-4061
-3897
-4772
-4884
-4786
-5335
-4557
-5020
-4426
-4164
-4063
-2957
-3315
-1902
-467
94
1989
2228
3119
5200
5861
6856
6619
6632
7222
7362
7677
6792
6054
6266
6314
6127
5985
4651
4476
4497
3670
3232
1658
1021
19
-870
-1369
-3049
-3352
-3970
-4720
-4500
-5035
-5069
-4819
-5005
-4861
-4847
-4586
-4408
-4503
-3979
-3847
-3419
-2490
-2238
-1329
-456
32
1136
1701
2352
2888
2980
3429
3180
3187
3076
2380
2260
1701
1240
960
345
-53
-499
-809
-985
-1378
-1656
-2128
-2638
-2648
-3157
-3466
-3874
-4441
-4336
-4703
-4458
-4590
-4592
-4023
-4186
-3212
-3185
-2258
-454
-106
1703
1906
2827
4723
5197
6337
5879
6110
6657
6848
7170
6261
5688
5845
6053
5890
5651
4535
4337
4373
3711
3282
1880
1235
333
-492
-990
-2468
-2851
-3505
-4216
-4122
-4597
-4601
-4550
-4761
-4556
-4615
-4324
-4184
-4372
-3886
-3775
-3294
-2527
-2313
-1561
-881
-195
726
1324
1927
2328
2611
2959
2969
2960
2815
2300
2092
1689
1234
973
283
-100
-473
-813
-831
-1222
-1542
-2021
-2338
-2478
-2840
-3179
-3821
-4088
-4261
-4348
-4395
-4637
-4388
-4330
-3847
-3318
-3193
-1559
-664
394
1796
1817
3637
4600
5389
5929
5360
6114
6164
6713
6511
5527
5583
5774
5932
5964
5358
4653
4828
4417
4040
3056
1991
1396
230
-114
-1316
-2282
-2555
-3626
-3756
-4045
-4366
-4225
-4610
-4556
-4607
-4519
-4146
-4450
-4275
-4128
-4029
-3233
-2927
-2483
-1765
-1320
-397
349
1003
1629
1843
2399
2591
2721
2873
2422
2269
1969
1597
1509
931
474
71
-327
-287
-683
-978
-1358
-1904
-1906
-2381
-2492
-2959
-3584
-3452
-4093
-3765
-4074
-4279
-3900
-4260
-3306
-3535
-2365
-1057
-777
1014
1102
2294
3725
4337
5017
4593
5009
5253
5641
5843
5056
4758
5172
5376
5496
5462
4565
4721
4723
4294
3852
2636
2168
1148
552
-6
-1395
-1578
-2453
-3026
-2985
-3542
-3358
-3684
-3910
-3880
-4128
-3717
-3940
-4123
-3941
-4112
-3621
-3193
-3033
-2458
-2029
-1373
-539
53
709
978
1377
1812
1957
2281
2049
1802
1749
1413
1409
1102
597
322
-26
60
-76
-527
-661
-1167
-1342
-1350
-2000
-2102
-2807
-3040
-3080
-3553
-3148
-3834
-3474
-3416
-3243
-2582
-2105
-881
-613
610
664
1824
2868
3186
3786
3208
4015
3871
4615
4479
3840
4133
4181
4819
4814
4660
4232
4334
4406
4228
3616
2926
2282
1706
1256
517
-153
-817
-1324
-1807
-1878
-2191
-2336
-2656
-2991
-3068
-3236
-3236
-3573
-3818
-3926
-3873
-3575
-3361
-3249
-2828
-2421
-1838
-1157
-572
-150
141
566
879
1169
1283
1245
1052
1107
1040
1001
911
530
432
228
210
128
-185
-385
-772
-952
-1082
-1449
-1626
-1963
-2215
-2289
-2304
-2278
-2308
-2417
-2308
-2182
-2088
-1264
-985
-439
135
161
1085
1599
2195
2410
2206
2695
2770
3299
3418
2851
2999
3135
3453
3882
3595
3336
3450
3524
3628
3141
2761
2334
1724
1744
1152
672
447
-367
-517
-750
-1052
-1088
-1601
-1762
-2205
-2286
-2245
-2786
-2860
-3309
-3444
-3079
-3035
-2774
-2626
-2398
-1856
-1424
-769
-528
-374
-70
10
433
507
328
249
103
185
282
288
194
-25
60
115
77
130
-179
-304
-318
-483
-471
-613
-786
-824
-909
-740
-787
-921
-864
-1007
-838
-825
-976
-949
-611
-440
-167
78
44
673
823
1242
1205
1167
1523
1458
1929
1695
1511
1609
1793
1982
2063
1950
1899
2049
2134
2223
1974
1957
1664
1529
1423
1063
889
598
289
44
-197
-396
-518
-735
-913
-1173
-1184
-1263
-1451
-1477
-1698
-1721
-1566
-1461
-1300
-1213
-1091
-887
-644
-325
-299
-225
-214
-282
-155
-220
-309
-416
-521
-464
-373
-325
-344
-394
-277
-154
-55
0
-116
-137
-127
-203
-198
-309
-470
-478
-522
-459
-459
-497
-491
-555
-563
-561
-505
-580
-630
-632
-544
-308
-294
-148
-136
-75
178
308
482
440
526
615
753
897
862
867
913
990
1066
1161
1112
1178
1209
1244
1272
1186
1193
1101
1024
954
772
644
546
312
118
-59
-174
-229
-273
-343
-480
-403
-325
-223
-60
-67
-15
77
118
133
13
-96
-209
-326
-345
-385
-401
-431
-426
-303
-180
-71
-56
-95
-28
11
35
-30
-209
-330
-488
-579
-679
-825
-882
-867
-803
-740
-664
-662
-619
-577
-561
-523
-602
-592
-602
-664
-657
-666
-653
-621
-516
-409
-321
-236
-119
13
163
360
409
462
543
581
637
626
560
525
576
591
615
657
691
684
751
842
778
763
699
648
640
531
438
319
225
203
153
127
107
126
199
198
254
291
280
305
295
227
156
120
94
89
63
77
102
177
209
231
335
283
245
258
186
112
31
-53
-150
-265
-354
-465
-528
-551
-603
-601
-610
-606
-637
-693
-755
-883
-906
-946
-1001
-981
-985
-959
-886
-840
-773
-657
-562
-414
-264
-196
-157
-118
-62
-15
11
17
28
96
177
235
277
320
406
478
588
636
586
551
470
449
411
312
212
116
149
154
156
201
142
172
196
205
254
218
197
183
164
171
192
202
219
240
279
335
409
518
555
556
559
570
581
574
555
498
479
459
422
416
390
352
311
253
222
164
73
10
-101
-185
-247
-358
-432
-536
-625
-682
-763
-789
-825
-846
-846
-878
-895
-894
-906
-865
-810
-789
-718
-642
-537
-441
-348
-248
-180
-106
-50
-15
43
94
85
92
146
194
250
313
323
317
338
315
287
270
175
128
114
42
23
-45
-56
-32
-55
-37
-64
-39
-38
-42
-10
-78
-87
-60
-40
8
54
103
167
290
341
401
514
534
586
632
631
660
683
666
638
612
605
611
586
579
541
503
472
337
272
206
105
46
-43
-94
-179
-299
-364
-425
-476
-499
-529
-606
-653
-597
-564
-572
-569
-589
-584
-525
-518
-537
-494
-423
-359
-316
-275
-276
-212
-104
-72
-25
-23
20
95
145
159
164
183
180
203
186
178
118
72
56
9
32
4
-62
-80
-102
-120
-145
-185
-226
-269
-277
-260
-255
-246
-225
-212
-169
-112
-71
-10
33
51
82
154
198
242
300
313
339
398
443
442
444
456
456
495
486
430
422
397
389
398
348
270
238
219
155
123
103
42
-6
-57
-120
-143
-142
-165
-155
-162
-205
-190
-184
-180
-192
-200
-229
-256
-212
-215
-218
-214
-184
-153
-126
-64
-64
-41
-21
-28
-22
-6
-18
-40
-19
-26
-25
-68
-77
-56
-88
-56
-95
-117
-118
-140
-147
-158
-120
-164
-193
-174
-164
-146
-144
-139
-137
-114
-105
-74
-69
-53
-36
-70
-6
15
49
102
103
142
135
150
143
139
181
164
151
154
152
175
193
170
160
140
108
120
117
105
92
57
41
48
62
48
19
17
33
46
58
65
82
83
67
65
59
81
80
47
57
43
57
95
85
94
71
68
75
55
46
26
18
-1
-20
-43
-59
-55
-50
-57
-95
-119
-110
-66
-55
-82
-98
-128
-132
-141
-155
-151
-184
-185
-168
-186
-181
-141
-123
-123
-121
-120
-97
-72
-54
-51
-45
-25
-16
-11
-13
-3
-4
-19
7
11
24
43
4
1
-11
-27
20
21
7
20
-1
4
18
-21
-16
12
-5
-2
0
-23
-3
23
45
57
32
23
31
83
94
108
135
88
91
108
142
158
119
136
133
138
186
176
147
159
149
140
167
144
99
86
75
48
18
0
-26
-36
-31
-43
-48
-36
-40
-51
-67
-86
-102
-96
-62
-75
-97
-103
-112
-89
-69
-48
-40
-23
5
-14
-8
-18
-63
-50
-60
-74
-69
-57
-37
-46
-31
-47
-59
-40
-71
-86
-62
-75
-112
-109
-121
-88
-35
-59
-67
-63
-46
-37
-37
-24
-46
-73
-72
-66
-54
-20
-4
20
18
11
31
41
66
63
71
95
83
87
98
93
86
80
83
75
66
65
52
54
46
38
56
74
71
37
20
2
-15
31
57
20
16
-19
-48
1
22
15
0
-13
-23
-8
22
10
29
41
21
41
42
16
10
6
23
38
51
55
28
49
77
75
68
55
37
24
37
28
-9
5
1
-23
5
12
10
35
44
6
-17
-23
-64
-82
-90
-109
-119
-120
-128
-158
-154
-137
-126
-111
-139
-140
-124
-121
-95
-96
-112
-110
-121
-122
-111
-107
-66
-63
-57
-8
0
22
46
62
80
91
92
88
115
143
159
162
140
142
160
123
123
117
91
119
99
86
122
119
100
89
57
43
46
54
14
-21
-3
-32
-5
14
-3
12
-5
2
7
6
3
-22
-52
-57
-79
-75
-51
-74
-51
-40
-44
0
32
61
71
57
53
40
45
57
29
9
-11
-27
-11
-28
-43
-23
-31
-34
-47
-59
-48
-79
-82
-96
-137
-134
-182
-232
-215
-232
-256
-225
-215
-204
-169
-147
-123
-127
-109
-102
-92
-62
-68
-49
-23
6
23
57
94
97
150
174
182
206
195
218
235
237
256
254
251
250
248
243
230
194
159
167
156
126
111
68
33
49
44
6
-17
-37
-54
-47
-75
-103
-109
-135
-97
-81
-113
-88
-76
-53
-19
-9
11
-6
-7
-6
-1
32
15
11
16
-6
6
4
9
3
-7
15
0
-28
-23
-40
-76
-81
-140
-167
-155
-191
-181
-180
-199
-201
-222
-215
-180
-162
-153
-173
-178
-162
-163
-134
-94
-64
-60
-30
17
49
88
92
98
122
141
157
168
180
185
198
220
232
252
251
247
245
226
222
200
175
169
149
125
121
123
101
97
74
40
44
17
-20
-44
-70
-74
-77
-81
-82
-91
-85
-97
-94
-78
-77
-66
-66
-89
-86
-69
-69
-68
-74
-86
-83
-65
-38
-5
-11
-24
-6
3
-7
-24
-54
-81
-78
-79
-96
-107
-101
-115
-107
-99
-107
-101
-92
-78
-86
-87
-113
-98
-69
-80
-33
-20
-15
3
-5
3
23
31
49
63
60
63
62
95
114
118
129
117
142
163
138
132
137
143
150
133
126
116
111
111
85
86
73
40
44
37
12
-3
4
3
-15
-10
-32
-42
-25
-10
14
0
-11
-8
-12
-1
-25
-42
-52
-72
-82
-100
-80
-82
-94
-79
-71
-65
-66
-66
-74
-75
-100
-124
-119
-106
-118
-126
-97
-100
-75
-48
-50
-41
-20
4
-1
11
-10
-15
21
25
43
45
32
58
94
109
113
108
112
97
91
81
43
42
51
64
54
51
46
17
30
34
21
27
6
-2
14
-14
-29
-51
-60
-36
-38
-54
-48
-34
-27
-21
-35
-14
10
14
20
31
57
81
109
104
128
121
108
151
116
94
109
97
89
84
80
61
63
59
20
-1
-31
-43
-51
-95
-149
-186
-220
-227
-219
-229
-213
-214
-221
-187
-162
-160
-140
-117
-118
-111
-95
-65
-39
-28
-11
9
38
71
95
134
161
152
159
162
168
156
131
117
121
132
111
91
71
81
93
66
34
24
-10
-17
1
-48
-71
-116
-159
-160
-168
-165
-164
-155
-157
-125
-108
-112
-75
-61
-57
-36
9
31
49
85
78
112
154
194
237
193
187
184
204
219
180
198
180
158
134
91
69
16
-28
-31
-37
-80
-115
-129
-142
-166
-192
-195
-183
-182
-186
-182
-166
-163
-150
-125
-122
-98
-82
-64
-8
21
40
45
57
93
130
149
143
184
206
195
181
135
157
155
120
163
115
68
78
40
32
2
-46
-68
-103
-126
-172
-193
-181
-214
-270
-270
-251
-266
-253
-214
-182
-182
-178
-154
-105
-88
-69
8
27
75
97
137
222
188
182
230
277
286
257
241
240
290
264
193
172
170
174
116
76
84
90
74
-1
-65
-103
-119
-183
-217
-195
-250
-224
-212
-245
-232
-240
-206
-179
-149
-154
-149
-105
-140
-131
-55
20
53
56
104
160
168
172
205
243
259
224
183
197
217
233
176
91
95
97
74
57
30
-41
-99
-88
-71
-48
-93
-107
-112
-216
-234
-204
-233
-247
-227
-242
-207
-140
-164
-168
-108
-18
-27
83
90
195
284
262
1004
719
-420
-1221
-1065
232
806
768
294
-96
-323
-287
345
658
466
2
-180
-183
-144
9
127
198
-30
-276
-330
-239
-105
-36
75
-61
-209
-245
-217
-62
-64
-81
-98
-167
-192
-115
-5
11
42
33
43
65
67
159
212
223
206
190
155
186
263
205
137
44
31
59
24
-6
-36
92
94
-7
-126
-124
105
-12
-192
-130
-32
-71
-164
-95
-115
-187
-100
38
80
-69
-65
169
181
80
4
-49
65
-14
3
82
-126
-16
-4
99
274
132
-50
-80
74
44
27
-133
-10
170
-102
-154
-312
-352
-194
-57
11
-239
-103
277
1388
1731
-220
-1934
-2029
-419
894
750
98
-594
-910
-609
207
865
678
-28
-344
-333
-30
252
461
472
149
-48
-106
12
225
370
300
33
-156
-171
-11
249
147
-104
-187
-77
181
147
475
865
224
-645
-795
-232
38
-85
-268
-769
-926
-291
696
812
114
-236
-220
-86
28
222
171
-308
-386
38
305
149
-60
-87
-97
-71
4
127
-63
-296
-64
-110
215
426
112
370
315
-23
-350
-217
-21
100
88
-160
-142
-245
-36
64
19
26
-110
-144
-8
83
64
35
-121
-39
29
76
177
90
17
53
211
21
27
232
172
56
-74
132
199
165
244
67
-69
-140
-244
70
-455
-219
-540
-1880
166
1781
1598
278
-665
-292
-183
325
639
428
-529
-850
-35
923
1126
489
-186
-568
-178
276
427
537
233
-126
-601
-364
71
-164
-231
-473
-578
-677
-628
-423
-369
-226
-270
-636
-638
-688
-677
16
-941
-110
2085
1279
-164
-1148
-519
-7
24
385
-307
-935
-1139
-446
747
1936
3208
1773
-1630
-2158
99
1989
1784
449
-466
-873
-386
1029
1670
622
-538
-637
87
429
615
354
-432
-535
-378
184
256
-127
-251
-475
-261
-318
-384
-40
-86
-271
-558
-500
-143
-34
161
67
-214
-351
-214
267
296
42
-140
-311
-223
14
308
263
-130
-178
-37
117
357
315
16
-284
-199
137
259
161
-69
-52
-85
-124
283
286
-145
-292
-188
-106
59
313
-135
-457
-158
-103
-13
-10
51
-41
-427
-11
233
-77
52
114
-24
-108
-21
270
80
36
128
-93
94
77
94
248
130
2
-110
189
280
48
102
113
214
39
-172
165
200
-106
-70
34
99
10
-80
-40
-49
45
-33
27
-123
-113
12
-165
76
106
-125
-174
16
73
113
28
-255
-131
-20
166
166
0
-27
-242
122
214
-255
-176
-17
46
-146
-194
129
9
-296
-141
40
-55
-211
-294
72
169
-15
-44
-336
-127
93
57
53
-132
-187
-197
123
219
-313
-541
-191
-140
431
1077
388
-436
-249
585
570
291
-36
-96
-87
-39
984
900
-7
-259
-125
131
357
619
116
-610
-219
425
576
203
304
740
464
-245
-668
-155
-91
36
258
-213
-573
-803
-75
400
129
12
-288
-654
-700
-166
20
-203
-616
-607
-196
-1
-102
-302
-94
-420
26
710
538
-129
-709
54
246
85
-25
-261
-186
-344
38
265
-261
-454
-96
93
-131
-308
-142
-128
-234
-23
-48
-219
-250
-145
-19
6
33
-34
-33
108
79
3
-11
33
113
237
158
29
207
230
282
380
274
124
141
277
436
393
231
337
312
418
346
302
549
229
128
241
872
346
-149
1441
679
-575
-79
556
579
62
28
-115
-122
30
301
270
-370
-290
155
-189
-402
-100
-236
-775
-508
181
-469
-1006
-463
-310
-489
-573
-472
-619
-805
-535
-468
-689
-775
-602
-283
-381
-752
-595
-447
-178
-311
-769
-288
-591
-454
134
-404
-225
-301
-180
-77
-309
160
26
-54
-87
511
882
384
231
-111
489
1319
1607
955
-190
-89
1027
2114
2039
762
-349
305
1398
2198
1859
423
-69
456
1540
1495
905
513
117
540
789
519
437
376
218
126
-79
-181
-92
103
-24
-690
-923
-734
-422
-158
-552
-1155
-1367
-1036
-528
-550
-846
-1207
-1441
-1029
-501
-552
-964
-1339
-1311
-889
-593
-671
-980
-1182
-1104
-878
-493
-461
-937
-951
-975
-631
-369
-448
-448
-978
-590
-527
-397
-78
-600
-580
-933
-862
-84
-503
885
1328
-451
-3
-1255
503
3271
2471
1177
-1557
-981
2013
4151
4237
938
-2204
6
3147
4570
4026
147
-848
394
2981
4128
1836
828
185
378
1919
1616
1193
1327
27
-245
-442
-113
1200
595
98
-1688
-2427
-397
75
415
-685
-2654
-2457
-1302
357
294
-1488
-2263
-2594
-1234
578
-13
-974
-2069
-2028
-397
301
326
-765
-1679
-1050
-600
214
244
-830
-934
-915
-520
153
-86
-376
-920
-967
-397
-518
-189
-472
-1140
-771
-839
-692
-319
-823
-701
-903
-1197
-449
-989
-1180
-739
-1355
-15
1521
49
-553
-1435
-669
2628
2969
1985
-1112
-1872
1474
3877
5050
2463
-1495
-659
2896
5050
4917
1573
-484
467
2864
4771
2842
1170
641
393
2026
2231
1492
1388
428
-3
-333
-141
815
310
-299
-1553
-2387
-1025
-401
-423
-1058
-2523
-2725
-1974
-848
-499
-1579
-2141
-2602
-2145
-520
-436
-1067
-1847
-2095
-1151
-403
63
-503
-1345
-979
-569
26
404
-236
-580
-571
-340
190
304
99
-443
-669
-166
-100
185
33
-700
-545
-783
-195
-25
-611
-720
-1295
-852
-724
-444
-876
-1611
-1412
-1084
-630
645
1326
-1035
-1021
-1122
102
3096
2746
1012
-1765
-816
2311
4404
4733
1529
-1569
151
3809
5305
4581
1142
-337
1148
3654
4705
2687
1418
657
945
2332
2136
1562
1188
559
-268
-624
90
783
465
-502
-2236
-2855
-1103
-81
-355
-1754
-3484
-3406
-1783
-250
-690
-2331
-3200
-3073
-1574
-107
-651
-1936
-2545
-2027
-793
11
-115
-1167
-1560
-760
-160
360
261
-450
-563
-216
263
434
291
-36
-375
-121
119
136
227
-62
-340
-615
-309
0
-475
-339
-604
-1369
-634
-486
-939
-775
-1694
-1344
-1101
-242
1540
-245
-1058
-1080
-1141
1916
3325
1718
-598
-1790
680
3746
4770
3135
-865
-1076
2510
4697
5201
2498
-292
613
2748
4567
3508
1507
1070
748
1873
2409
1280
1493
1017
-150
-398
-493
500
639
-236
-1476
-3029
-1749
-261
-529
-1215
-3071
-3531
-2213
-984
-584
-2026
-3034
-2954
-2212
-454
-462
-1656
-2103
-2196
-1087
-63
-143
-698
-1361
-814
-146
143
503
-225
-480
-16
149
539
502
229
11
-13
315
297
250
227
-216
-453
-270
-102
-55
-288
-556
-946
-974
-612
-685
-867
-1098
-1636
-1630
-818
-1050
331
769
-1062
-769
-1398
191
2605
2536
1154
-1627
-784
2273
4284
4425
1341
-1533
441
3949
5399
4293
926
-1
1533
3985
4778
2480
1279
883
1236
2331
1881
1433
1241
426
-250
-747
-29
794
167
-791
-2595
-2843
-1036
-288
-561
-2191
-3651
-3236
-1791
-474
-1104
-2717
-3209
-2841
-1351
-196
-912
-1967
-2518
-1803
-459
-30
-231
-1101
-1331
-380
73
454
318
-253
-89
131
495
701
475
306
75
167
384
121
307
316
-300
-284
-293
-212
-24
-253
-719
-1214
-1118
-527
-824
-915
-1179
-2115
-1354
-1048
-1065
-717
458
-47
-1118
-743
-1208
1132
2923
2236
-450
-1825
687
3314
5065
3464
-370
-1250
2369
5405
5420
2922
-111
216
2980
5033
3835
1634
840
791
2044
2604
1562
1003
835
94
-573
-393
273
463
-150
-1697
-3219
-2157
-465
-273
-1312
-3229
-3975
-2706
-674
-362
-2000
-3284
-3410
-2177
-363
-220
-1567
-2557
-2290
-957
161
213
-711
-1372
-761
-21
566
779
217
-112
53
383
601
757
645
260
60
162
297
419
508
-23
-522
-508
-236
14
-232
-645
-1092
-1129
-914
-723
-961
-1341
-1438
-1594
-1341
-1364
-1164
-1770
-970
971
-210
-614
-1166
-1163
1735
3222
2400
-555
-1671
1085
3972
5432
3389
-726
-564
3141
5664
5603
2366
-56
985
3639
5218
3377
1383
878
1185
2455
2276
1053
910
859
171
-586
-683
60
186
-318
-1827
-3326
-2145
-825
-677
-1571
-3446
-3876
-2668
-1004
-799
-2288
-3255
-3341
-2175
-458
-533
-1607
-2264
-2021
-748
204
225
-632
-1240
-599
211
816
812
92
-177
125
592
856
738
486
192
206
450
354
403
294
-306
-508
-492
-462
-40
-287
-823
-1129
-1532
-602
-917
-988
-1091
-2489
-1056
-1340
-1415
-783
-1795
-1439
-1237
585
1047
-616
-691
-1053
390
3495
3239
572
-861
69
3298
5366
4246
1146
-915
2010
5214
5348
3729
593
479
3085
4409
3762
1673
727
1267
1812
2271
1122
304
1111
351
-576
-848
-927
-134
-278
-1349
-2801
-3123
-1395
-811
-1353
-2509
-3982
-3182
-1436
-774
-1398
-2880
-3232
-2413
-984
15
-1049
-2025
-1962
-1236
279
619
-98
-807
-818
199
782
961
586
-243
41
683
908
990
507
73
134
318
567
326
88
-123
-572
-340
-344
-574
-401
-866
-1179
-1135
-1117
-790
-1119
-1173
-1465
-1892
-1003
-1064
-1300
-1086
-1673
-1386
-1081
-343
1450
341
-562
-702
-953
2239
3857
2701
289
-1425
1199
4459
5577
3699
-300
-487
3208
5506
5486
2350
-251
1085
3193
4575
3028
851
783
976
1911
1681
435
642
551
-60
-778
-1411
-601
-128
-480
-1632
-3370
-2597
-1223
-764
-1109
-3055
-3723
-2719
-1306
-472
-1610
-2725
-2886
-2062
-319
-132
-1056
-1705
-1744
-592
329
399
-115
-768
-300
346
668
870
229
-5
238
451
814
625
459
215
-68
132
126
130
112
-368
-630
-662
-608
-342
-686
-897
-1186
-1527
-806
-952
-990
-1267
-1599
-1115
-1362
-566
-967
-1471
-889
-1160
-624
-705
-576
1148
1045
24
-89
-829
1521
4034
3294
1132
-1342
627
4020
5527
4481
198
-1207
2179
5166
5620
2882
-265
356
2551
4407
3427
819
401
508
1479
1759
450
415
285
-205
-770
-1300
-520
-134
-484
-1443
-3131
-2654
-1113
-691
-1040
-2645
-3462
-2667
-1363
-430
-1347
-2474
-2596
-2039
-575
-187
-948
-1455
-1555
-730
118
323
17
-564
-420
-3
290
709
489
110
29
46
462
600
454
151
-345
-182
-17
74
143
-412
-704
-669
-449
-342
-531
-696
-1038
-998
-827
-677
-688
-959
-1042
-1097
-827
-615
-555
-787
-806
-839
-543
-125
-556
-426
-617
1122
1762
321
267
-927
1057
3813
3525
1434
-1130
106
3298
5240
4263
476
-1479
1659
4741
4965
2656
-614
-77
2244
3984
3064
355
-1
458
1405
1819
378
-131
119
-9
-349
-1019
-681
-250
-541
-991
-2284
-2142
-937
-766
-1024
-2166
-2784
-2162
-1201
-556
-1358
-2250
-2229
-1739
-626
-343
-1102
-1535
-1479
-738
-124
-101
-375
-901
-652
-135
18
243
41
-218
-117
73
259
248
199
74
-223
-57
84
-62
80
-157
-360
-378
-378
-97
-276
-295
-491
-725
-183
-301
-337
-408
-914
-338
-342
-461
-122
-702
-518
-318
-304
-294
-477
-363
-456
-316
-36
1393
872
-52
-168
-853
1713
3244
2618
378
-1417
681
3334
4709
3007
-537
-1051
2095
4469
4362
1622
-767
327
2426
3816
2384
400
278
562
1650
1603
514
494
259
-149
-428
-633
46
96
-462
-1465
-2407
-1357
-567
-658
-1362
-2706
-2666
-1714
-836
-813
-1940
-2565
-2325
-1522
-548
-881
-1687
-1908
-1684
-709
-246
-519
-921
-1222
-616
-82
82
151
-283
-305
-35
164
477
364
214
146
129
537
571
483
381
82
217
345
395
365
99
-164
-219
-96
47
112
-304
-399
-328
-461
89
-302
-556
-447
-934
-301
-376
-556
-674
-1088
-715
-748
-570
-575
-477
858
488
-475
-516
-727
1476
3062
1886
-284
-1368
951
3697
4240
2270
-843
-775
2777
4690
4002
1444
-618
758
2995
4013
2620
684
537
655
1576
2071
1119
714
92
-731
-517
75
600
13
-1398
-2147
-2340
-961
-190
-1426
-2365
-3145
-2747
-1571
-1240
-1623
-2684
-2809
-2101
-1625
-949
-1280
-2015
-1787
-1419
-794
-357
-461
-605
-811
-354
178
365
691
393
182
545
842
1207
1227
907
657
570
1098
1250
909
814
416
414
693
584
368
-14
-124
-93
-140
-77
-386
-715
-733
-818
-820
-728
-895
-1195
-1252
-1201
-994
-868
-1079
-1017
-1400
-1266
-758
-836
-639
-937
-1123
-477
1045
750
-57
-411
-516
1806
3052
2546
183
-688
1636
3726
4512
2420
-191
362
3320
4839
3740
1142
72
1602
3446
3729
1485
81
530
1321
1870
938
-86
-222
53
-27
-935
-1210
-721
-880
-1273
-2113
-2828
-1958
-1271
-1426
-2370
-3148
-2730
-2059
-1174
-1374
-2452
-2509
-1977
-1121
-469
-741
-1197
-1349
-662
189
280
328
-12
-178
618
1024
1074
992
708
763
902
1250
1347
1046
955
682
647
910
779
638
366
2
-99
-127
25
-122
-548
-795
-1050
-920
-710
-869
-1136
-1377
-1334
-1325
-1190
-1000
-1364
-1340
-1258
-1233
-839
-937
-965
-720
-754
-504
-309
-457
-27
-257
6
150
338
1943
1012
602
395
262
2654
3348
2435
515
-165
1921
3801
3971
2243
-336
228
2910
3800
3226
697
-377
869
2132
2757
1016
-168
27
153
894
518
-313
-103
-501
-925
-1131
-1089
-304
-531
-1165
-2048
-2565
-1320
-597
-886
-1616
-2518
-2160
-1133
-495
-684
-1590
-1720
-1281
-644
83
-294
-842
-829
-492
231
454
334
47
-106
336
468
669
770
390
344
312
433
696
684
515
94
-64
201
291
298
59
-423
-522
-373
-218
-291
-648
-902
-976
-740
-502
-672
-851
-1058
-1037
-748
-651
-565
-786
-947
-750
-519
-474
-358
-361
-631
-293
-251
15
5
-279
18
-206
219
216
-83
-46
880
1460
586
390
-303
752
2417
2502
1077
-732
204
2042
3413
2749
378
-784
934
3022
3161
1792
-119
-8
1418
2635
2021
520
205
264
872
1096
511
240
401
133
-499
-613
-236
126
-128
-788
-1737
-1666
-573
-375
-744
-1562
-2175
-1770
-894
-494
-1065
-1724
-1771
-1366
-691
-303
-780
-1195
-1081
-688
-206
28
-18
-443
-395
-31
123
488
452
154
68
200
460
571
620
421
87
114
306
377
383
93
-250
-243
-89
12
-148
-424
-678
-691
-396
-382
-561
-788
-1016
-906
-691
-629
-819
-1015
-910
-727
-620
-522
-652
-805
-551
-551
-473
-196
-315
-193
-423
-211
-19
-65
365
49
-144
108
1463
1384
697
514
-93
1572
2821
2542
768
-329
1039
2715
3564
2427
180
-223
2012
3333
3066
1378
-27
667
1896
2602
1339
274
321
319
873
690
-29
-53
-69
-269
-801
-872
-359
-620
-694
-1231
-2012
-1340
-891
-958
-1345
-1875
-1874
-1652
-1006
-858
-1465
-1547
-1367
-1201
-689
-513
-790
-864
-730
-413
-258
-89
16
-262
-64
63
54
362
403
279
132
145
266
371
523
368
9
63
192
212
308
23
-295
-244
-68
-2
-134
-324
-577
-588
-311
-286
-434
-502
-594
-647
-494
-326
-460
-565
-574
-603
-389
-238
-268
-448
-299
-284
-285
127
-202
-24
109
20
134
-213
154
249
224
350
-227
104
1466
1010
543
167
-230
1647
2330
2009
364
-609
1229
2379
2887
1679
-439
63
1995
2866
2382
596
28
853
1708
2257
906
275
559
411
897
591
108
168
-97
-266
-523
-618
-140
-523
-1007
-1165
-1596
-920
-862
-1282
-1451
-1943
-1611
-1468
-1398
-1332
-1773
-1631
-1497
-1434
-957
-1023
-998
-989
-1037
-544
-393
-187
-245
-493
-53
200
404
555
204
208
444
717
946
728
657
590
645
993
836
687
601
388
462
453
394
250
15
-48
-161
-194
-189
-388
-508
-663
-777
-656
-682
-800
-951
-1084
-911
-804
-803
-860
-1034
-854
-710
-599
-521
-634
-599
-506
-227
-65
-92
-137
-214
69
285
469
367
139
368
525
1721
1606
743
703
306
1855
2746
2218
993
-70
1155
2537
2971
2151
305
-29
1624
2491
2376
1052
-154
306
981
1681
1012
29
13
-264
7
167
-326
-375
-665
-1012
-1084
-1085
-639
-882
-1327
-1522
-1869
-1315
-959
-1246
-1454
-1770
-1620
-1246
-1038
-852
-1069
-1115
-921
-835
-376
-127
-214
-291
-318
-61
308
647
676
311
310
559
750
1097
996
603
408
549
866
927
761
380
140
272
501
400
105
-149
-349
-235
-123
-349
-630
-771
-861
-837
-770
-866
-1056
-1131
-1085
-1055
-943
-890
-985
-978
-817
-692
-562
-423
-462
-406
-295
-90
12
136
400
96
451
523
432
747
354
644
456
581
702
495
663
338
347
308
1334
1137
512
287
-352
983
1774
1530
142
-820
179
1449
2048
1168
-524
-785
902
1724
1615
382
-609
20
855
1468
630
0
100
-8
403
501
187
205
97
-299
-441
-225
277
188
-274
-669
-1071
-477
73
-183
-613
-1141
-1137
-648
-245
-335
-861
-1038
-958
-833
-389
-355
-716
-790
-765
-569
-277
-135
-194
-443
-396
-215
-78
226
136
-154
-129
14
217
380
324
85
-48
134
306
360
366
29
-112
82
139
182
95
-88
-231
-222
-88
-183
-322
-388
-502
-441
-290
-328
-451
-561
-618
-566
-443
-343
-412
-506
-432
-402
-251
-131
-195
-161
-207
-37
-85
96
125
-182
130
-182
275
308
58
324
-223
286
125
621
1300
302
337
35
384
1787
1720
892
-8
15
1450
2157
1768
766
-415
663
1844
1749
1347
70
85
796
1218
1290
301
53
189
42
488
269
-146
-16
-444
-518
-455
-403
-193
-637
-821
-1000
-1106
-597
-671
-895
-943
-1253
-1093
-876
-713
-609
-959
-922
-835
-725
-292
-364
-498
-499
-552
-140
108
72
11
-256
34
282
443
570
54
51
279
495
671
366
177
63
243
543
419
275
43
-183
87
199
104
8
-291
-248
-146
-85
-111
-410
-486
-484
-433
-350
-448
-515
-558
-547
-458
-491
-405
-386
-473
-356
-380
-330
-162
-223
-140
-184
-232
-23
-42
104
-49
-80
37
-35
342
111
40
125
40
317
195
80
721
703
339
370
-172
758
1440
1180
537
-505
419
1336
1698
1315
-110
-233
908
1584
1586
700
-60
298
767
1406
1010
291
246
-97
330
637
256
173
-231
-396
-240
-258
29
-310
-707
-573
-903
-590
-409
-793
-661
-940
-967
-791
-763
-446
-658
-859
-803
-888
-418
-186
-458
-468
-627
-416
31
98
53
-183
-144
203
336
537
385
120
339
400
526
542
262
265
308
416
409
177
186
75
109
227
2
-36
-115
-143
-85
-292
-374
-442
-463
-382
-545
-619
-672
-711
-523
-550
-658
-704
-733
-596
-499
-455
-486
-566
-435
-267
-192
-115
-160
-101
-37
-28
157
123
175
292
37
166
293
216
387
176
199
128
171
428
154
773
633
65
214
92
841
1237
779
56
-259
643
1380
1199
652
-130
-53
1089
1330
1015
360
-18
427
733
1035
662
180
283
195
348
599
333
100
-51
-178
-42
132
237
-140
-471
-314
-377
-219
-151
-470
-557
-592
-553
-522
-449
-371
-610
-719
-632
-625
-426
-370
-617
-632
-589
-443
-238
-283
-232
-384
-375
-28
-38
159
188
-3
66
145
346
361
327
276
108
255
406
285
267
166
44
72
112
194
6
-117
-118
-212
-71
-99
-290
-386
-495
-434
-365
-376
-505
-713
-661
-607
-606
-567
-705
-778
-722
-629
-502
-514
-528
-538
-565
-371
-206
-163
-232
-219
-199
-162
196
136
85
117
14
206
420
555
278
293
400
492
1095
941
606
422
551
1260
1462
1190
489
299
984
1519
1441
860
216
350
1021
1267
1034
354
131
254
569
856
488
146
-141
-137
134
282
180
-201
-434
-373
-251
-110
-116
-434
-541
-520
-489
-342
-323
-415
-559
-570
-492
-424
-288
-314
-454
-468
-433
-303
-171
-142
-257
-406
-348
-313
-193
-113
-268
-340
-243
-117
-70
-50
-82
-99
-127
-8
12
-56
-17
-146
-157
-63
-43
-109
-135
-151
-195
-145
-131
-167
-172
-144
-183
-268
-279
-211
-145
-153
-233
-291
-206
-104
-93
-133
-179
-192
-111
6
0
-46
-91
-78
21
106
63
-47
-47
-21
65
50
-10
-40
-43
86
-3
25
-49
-121
47
-51
35
-34
-63
15
-59
48
0
177
252
289
324
100
291
508
692
714
451
308
484
843
1045
842
530
497
618
1013
1026
737
566
435
590
715
731
536
258
192
206
290
315
143
-61
-245
-289
-179
-254
-357
-485
-656
-627
-614
-619
-613
-674
-800
-843
-730
-655
-643
-700
-741
-721
-561
-449
-532
-528
-448
-359
-227
-147
-124
-75
2
105
166
295
433
413
408
433
527
659
681
573
377
368
435
403
391
243
80
54
41
103
57
-98
-180
-354
-374
-285
-349
-423
-569
-648
-622
-526
-512
-681
-721
-680
-647
-550
-527
-571
-564
-486
-419
-337
-209
-207
-158
-104
-82
51
82
20
76
140
123
167
186
185
158
166
159
157
188
170
203
170
254
162
174
355
352
480
340
340
433
586
736
559
497
437
585
766
760
603
431
463
553
701
702
575
414
349
471
537
511
373
159
130
253
298
228
26
-97
-113
-91
-57
-169
-280
-354
-379
-358
-383
-401
-462
-500
-483
-447
-382
-390
-460
-468
-476
-381
-300
-363
-357
-402
-357
-253
-180
-132
-216
-236
-224
-53
118
28
-78
-98
35
165
197
44
-94
-26
96
173
47
-63
-179
-98
46
-46
-104
-221
-237
-151
-95
-118
-234
-289
-280
-204
-195
-252
-321
-359
-277
-220
-244
-244
-276
-273
-212
-164
-166
-254
-227
-193
-133
-48
-65
-98
-155
-62
-48
3
15
-112
-22
-24
66
37
3
81
-17
91
76
70
168
151
195
150
166
279
330
416
426
343
429
571
601
572
582
563
576
720
714
667
612
596
642
662
747
652
553
549
501
515
526
437
326
284
264
221
166
135
14
-75
-65
-117
-150
-156
-233
-380
-409
-377
-389
-366
-457
-562
-561
-528
-448
-513
-584
-558
-593
-455
-384
-437
-432
-431
-358
-284
-176
-169
-235
-183
-94
-23
20
3
-103
-55
45
23
15
5
-40
-112
-72
-23
-83
-88
-111
-156
-112
-131
-178
-198
-216
-194
-245
-248
-217
-268
-281
-282
-277
-262
-257
-254
-251
-199
-172
-224
-154
-120
-166
-99
-75
-78
-104
-29
54
3
21
-10
14
106
111
84
60
52
69
146
215
166
70
76
99
154
214
161
108
85
134
248
310
308
215
203
359
469
509
500
468
494
563
555
566
566
545
600
564
567
549
539
623
581
515
467
418
425
419
345
237
175
189
180
145
22
-128
-160
-146
-111
-194
-297
-328
-359
-322
-360
-421
-463
-496
-437
-444
-481
-477
-461
-458
-447
-401
-390
-373
-371
-315
-218
-174
-143
-180
-116
-58
-56
-2
-44
-40
-17
21
49
25
58
0
-20
-50
-82
-90
-125
-134
-217
-225
-205
-222
-269
-296
-244
-285
-308
-289
-339
-350
-326
-325
-300
-284
-312
-320
-309
-265
-231
-238
-192
-199
-174
-83
-83
-47
-26
-10
69
100
77
41
19
68
114
100
84
-11
-17
108
153
159
63
25
80
136
244
190
85
133
205
257
287
226
196
254
383
430
414
431
426
562
622
599
604
600
663
715
737
687
637
635
651
661
619
549
484
443
411
457
404
271
262
180
126
105
39
-27
-132
-199
-225
-213
-249
-348
-448
-491
-469
-468
-498
-557
-569
-583
-544
-502
-521
-489
-499
-455
-337
-322
-339
-312
-294
-253
-202
-160
-128
-141
-134
-109
-63
-17
-45
-85
-85
-70
-30
-43
-102
-131
-156
-154
-128
-168
-255
-280
-282
-302
-317
-351
-336
-318
-380
-386
-380
-386
-324
-309
-349
-383
-331
-253
-204
-186
-223
-203
-140
-31
-4
39
61
13
129
188
257
303
220
218
303
378
414
349
287
362
377
399
387
366
360
365
431
360
337
299
300
383
331
270
222
234
289
258
226
227
193
234
213
174
197
182
225
218
199
164
178
252
240
224
194
209
218
219
281
271
225
209
177
212
209
167
164
97
76
63
87
52
-48
-114
-140
-53
-80
-149
-213
-256
-243
-289
-293
-290
-290
-331
-388
-341
-323
-338
-321
-353
-371
-371
-346
-306
-320
-340
-354
-325
-294
-296
-309
-311
-279
-276
-282
-289
-269
-250
-254
-226
-218
-231
-226
-220
-234
-182
-144
-162
-162
-166
-169
-123
-60
-104
-122
-52
-29
-4
25
-1
18
57
65
66
57
109
114
131
138
108
121
151
230
152
137
155
163
246
179
160
99
119
194
165
180
153
136
142
216
210
162
182
152
178
221
240
199
181
206
213
265
246
212
223
243
277
243
215
236
259
286
312
301
248
292
323
318
290
204
197
228
245
188
134
112
109
109
115
112
14
-12
-15
-41
-74
-114
-132
-149
-111
-145
-207
-221
-255
-271
-270
-251
-280
-345
-310
-260
-277
-275
-280
-293
-263
-259
-279
-288
-337
-340
-269
-249
-260
-277
-285
-277
-260
-243
-235
-244
-266
-270
-260
-233
-219
-221
-237
-225
-201
-202
-189
-144
-133
-151
-112
-108
-78
-50
-82
-43
26
21
40
99
91
71
60
123
145
130
142
124
154
140
169
186
158
155
116
131
138
148
152
154
149
87
140
185
179
148
91
138
169
202
206
175
186
166
154
171
204
213
210
228
223
228
265
222
206
235
223
275
255
247
251
271
300
280
284
60
203
457
208
97
142
155
81
143
252
58
-41
97
142
-55
-112
11
-57
-63
-45
-232
-306
-189
-46
-26
-166
-404
-505
-317
-114
-137
-306
-445
-480
-348
-115
-79
-293
-403
-334
-284
-161
-119
-295
-389
-286
-191
-193
-185
-240
-306
-277
-219
-189
-239
-264
-274
-276
-202
-226
-295
-297
-274
-242
-256
-202
-198
-306
-265
-210
-216
-161
-108
-115
-129
-80
0
51
96
114
89
109
169
253
268
240
258
283
371
403
428
405
343
394
397
481
424
363
422
378
428
376
364
328
281
323
263
283
234
180
154
149
166
123
137
91
65
63
39
76
84
52
29
-8
-15
23
43
43
13
0
18
17
36
32
0
20
22
28
23
-5
26
-1
-3
17
14
-4
-37
19
-6
-40
-39
-36
-24
-95
-74
-63
-97
-93
-119
-114
-123
-134
-125
-148
-194
-231
-228
-216
-214
-220
-231
-254
-257
-233
-220
-254
-289
-271
-294
-289
-266
-284
-265
-289
-292
-242
-242
-212
-200
-220
-222
-214
-179
-156
-129
-140
-141
-86
-75
-68
-45
-5
-9
-20
1
23
61
64
93
82
76
143
155
152
162
168
125
158
205
150
171
179
183
188
186
260
243
212
217
222
234
232
255
202
166
178
169
153
169
197
164
150
133
116
100
112
130
131
137
83
98
89
66
77
42
46
14
-11
32
36
27
28
18
2
26
78
69
39
23
-2
42
89
73
22
-4
26
64
71
25
4
-15
34
60
46
86
5
-20
-3
-27
-12
-18
-23
-55
-92
-92
-59
-85
-149
-172
-190
-152
-148
-213
-212
-219
-208
-163
-192
-217
-239
-211
-197
-259
-228
-198
-198
-214
-243
-214
-202
-188
-161
-161
-177
-154
-110
-67
-42
-92
-77
-46
-101
-6
87
23
-41
-36
29
58
85
45
-54
-32
93
142
56
42
18
9
88
110
81
31
38
51
58
58
23
15
6
-2
11
43
36
-21
-20
45
50
16
46
34
51
110
134
119
62
107
145
168
185
166
177
185
217
214
226
220
251
293
243
211
210
252
265
269
223
195
205
136
168
142
68
73
71
82
28
-7
-44
-77
-65
-92
-91
-112
-159
-167
-157
-170
-180
-212
-275
-248
-215
-201
-200
-252
-260
-222
-170
-148
-151
-142
-154
-127
-80
-46
-60
-95
-52
-26
-29
-10
16
12
-27
15
47
46
47
35
49
22
45
61
12
35
37
-7
-12
-8
-23
-49
-69
-77
-76
-74
-83
-94
-126
-120
-97
-101
-102
-136
-146
-132
-109
-70
-63
-70
-69
-52
-30
-22
-23
1
14
46
51
21
77
89
117
145
88
86
93
129
172
148
120
106
120
156
153
133
109
76
99
113
85
51
27
34
49
57
63
41
-11
2
45
24
11
9
-3
-6
-10
-9
12
6
-10
12
-7
-3
18
13
-3
-17
7
9
35
30
9
36
26
22
5
-20
-3
5
-15
-34
-40
0
-5
-49
-37
-47
-42
-19
-39
-60
-45
-63
-86
-32
-6
-38
-60
-65
-56
-59
-68
-42
-25
-45
-44
-9
-6
-21
9
11
-6
5
18
35
40
3
-8
16
38
63
25
8
15
12
44
32
21
14
14
0
0
50
34
11
-5
-2
-1
-2
30
5
-39
-49
-13
-15
-30
-32
-62
-52
-41
-38
-36
-34
-62
-92
-62
-60
-34
-34
-88
-82
-76
-48
-34
-61
-60
-63
-40
-37
-28
-32
-60
-15
-7
-29
-17
-3
5
15
9
-8
12
41
63
71
34
28
52
78
97
77
68
79
90
103
107
89
72
85
101
103
100
80
65
69
65
85
90
66
42
42
51
66
67
25
9
20
47
42
-11
-39
-27
-14
-20
-9
-48
-88
-51
-38
-42
-49
-94
-114
-68
-55
-81
-100
-114
-102
-74
-38
-59
-80
-91
-100
-62
-63
-51
-64
-67
-28
-34
-15
-25
-29
26
36
15
25
48
39
37
45
50
56
60
65
82
62
51
89
81
56
34
36
54
52
47
19
6
-5
-17
-22
-42
-41
-36
-65
-69
-50
-60
-61
-71
-106
-108
-65
-45
-67
-61
-72
-83
-49
-35
-44
-54
-34
-24
-23
-6
0
23
41
57
52
43
94
85
75
105
100
108
114
116
121
106
97
97
96
117
117
88
87
103
106
77
61
59
26
17
26
11
-17
-43
-50
-67
-67
-84
-112
-95
-97
-103
-101
-110
-120
-111
-122
-139
-112
-103
-128
-113
-66
-101
-143
-119
-78
-56
-76
-68
-66
-61
-15
19
23
5
11
5
25
68
63
42
27
53
75
61
66
59
39
53
69
74
79
79
73
66
46
35
44
48
57
46
28
28
39
41
19
7
-12
-16
1
25
25
2
-22
-29
15
23
-6
-28
-42
-11
28
37
3
-26
-11
-10
-6
8
3
2
18
44
50
34
34
44
34
20
35
46
34
51
51
30
54
52
30
33
23
34
43
34
20
6
3
-20
-31
-35
-45
-38
-48
-52
-56
-78
-83
-89
-103
-106
-93
-66
-68
-95
-117
-116
-87
-78
-78
-71
-83
-71
-63
-65
-47
-44
-45
-28
-20
-29
-23
5
