2.313475,0.190326,0.492814,-0.049155,0.316694,-0.105584,-0.073903,-0.153630,-0.065171,-0.104317,-0.272720,-0.009318,
2.391610,0.014107,0.557800,-0.088244,0.390276,0.010552,-0.107539,-0.108817,-0.157582,-0.065150,-0.219514,-0.070005,
2.089809,0.158315,0.346859,0.067851,0.333589,0.122059,-0.123164,-0.092025,-0.112830,-0.138141,-0.079288,-0.065723,
2.420374,-0.015370,0.416426,0.006162,0.310909,-0.014956,-0.199557,-0.025734,-0.096301,-0.180215,-0.108171,-0.015383,
2.495230,-0.040059,0.440681,-0.050208,0.282718,-0.066765,-0.222122,-0.037974,-0.105311,-0.154851,-0.139443,-0.045207,
2.580730,0.003830,0.368481,-0.083220,0.315901,-0.066894,-0.217955,-0.068836,-0.150340,-0.079391,-0.097160,-0.096203,
2.501419,0.061445,0.303204,-0.083576,0.371366,-0.254193,-0.096198,-0.037224,-0.255431,-0.065589,-0.176167,-0.017124,
2.421943,0.080452,0.298228,-0.099453,0.399409,-0.294943,-0.084609,-0.018071,-0.268070,-0.096999,-0.221324,0.022635,
2.319656,0.070271,0.320052,-0.017828,0.348989,-0.241844,-0.086588,-0.054736,-0.189653,-0.175510,-0.226545,0.047892,
2.310295,0.030274,0.329433,-0.044638,0.360882,-0.194659,-0.098791,-0.036361,-0.214494,-0.163891,-0.205607,0.005677,
2.278211,0.043455,0.332298,-0.120741,0.440436,-0.125927,-0.072695,-0.000955,-0.287953,-0.120263,-0.165213,-0.024242,
2.319506,0.056640,0.289912,-0.090172,0.467259,-0.092345,-0.101911,-0.027113,-0.228071,-0.145624,-0.197682,-0.026465,
2.363037,0.068736,0.252581,-0.080975,0.507161,-0.055522,-0.106043,-0.101213,-0.193436,-0.112865,-0.219956,-0.032232,
2.281537,0.063404,0.282730,-0.062995,0.610445,-0.042395,-0.155620,-0.079338,-0.247555,-0.071676,-0.144859,-0.042690,
2.228612,0.018035,0.240965,-0.037571,0.498494,-0.056059,-0.118318,0.022680,-0.271935,-0.075894,-0.067326,-0.087085,
2.271407,0.008530,0.170922,-0.054620,0.486282,-0.062213,-0.050155,-0.026789,-0.227105,-0.007583,-0.099117,-0.087945,
2.309734,0.083760,0.173711,-0.075833,0.518571,-0.021761,-0.021103,-0.115281,-0.162749,0.060549,-0.151416,-0.113526,
2.240139,0.119626,0.199553,-0.084644,0.464040,0.087770,0.044820,-0.219394,-0.056056,0.074893,-0.196409,-0.117942,
2.157291,0.146549,0.153044,-0.058230,0.495220,0.099762,0.085819,-0.150591,-0.075363,0.046023,-0.177671,-0.117686,
2.167873,0.088267,0.158248,0.000489,0.545407,0.120657,0.087441,-0.090967,-0.168073,0.062200,-0.130289,-0.161115,
2.212002,-0.011592,0.231050,-0.021572,0.566965,0.201651,0.110406,-0.201204,-0.144377,0.075526,-0.169606,-0.117453,
2.250058,0.032426,0.300399,-0.125391,0.540433,0.262325,0.111897,-0.177707,-0.111898,0.066997,-0.198631,-0.105101,
2.139679,0.147794,0.204249,-0.136814,0.503532,0.391278,0.099140,-0.097126,-0.079601,-0.015586,-0.094610,-0.095123,
1.928417,0.129542,0.217285,-0.063341,0.449283,0.446848,0.223457,-0.010279,-0.099959,-0.005932,-0.061843,-0.037853,
1.800967,0.020189,0.341995,-0.151091,0.390991,0.380016,0.243878,0.110079,-0.058664,0.013126,-0.018764,-0.010854,
1.682849,-0.025883,0.568344,-0.138908,0.344238,0.173072,0.281542,0.242757,0.028108,-0.017092,-0.012731,0.122568,
1.596787,-0.052712,0.647204,-0.074805,0.344437,0.100617,0.246688,0.155196,-0.004351,0.016328,-0.062296,0.115108,
1.565626,-0.017328,0.621150,-0.053865,0.406099,0.073106,0.204925,0.035259,-0.002963,0.056945,-0.109432,0.125419,
1.347136,-0.039368,0.731451,-0.071474,0.346021,0.034384,0.197623,0.109249,-0.066198,-0.000103,0.000942,0.107408,
1.233579,-0.051134,0.784378,-0.106847,0.294869,0.075629,0.153446,0.062245,-0.087251,0.031566,0.030720,0.039661,
1.260391,-0.091040,0.661885,-0.143766,0.322534,0.055305,0.134656,-0.031926,-0.138580,-0.004771,-0.049387,0.024737,
1.327030,-0.054201,0.562223,-0.188678,0.344829,-0.052385,0.159829,0.043294,-0.048597,0.016311,-0.096976,0.076173,
1.279239,-0.182578,0.656228,-0.219373,0.280927,-0.045064,0.136607,0.021254,-0.079020,0.045608,-0.089406,0.069584,
1.146415,-0.324078,0.749943,-0.207414,0.289307,-0.019641,-0.028304,0.096773,-0.096506,0.085116,-0.000457,-0.094964,
1.116666,-0.317520,0.684234,-0.137861,0.304948,0.015652,-0.028004,-0.006213,-0.139822,0.084908,0.033013,-0.092780,
1.083811,-0.327131,0.541875,-0.079972,0.272908,0.047511,0.190376,-0.102876,-0.106512,0.059226,-0.088918,0.011172,
1.029747,-0.282199,0.672539,-0.082382,0.314130,-0.042924,0.146094,0.010115,-0.072380,0.053511,-0.059284,0.024818,
1.025128,-0.283134,0.701161,-0.136419,0.267397,-0.112086,0.010804,0.078589,-0.030610,-0.012884,-0.099046,0.021039,
1.128232,-0.347548,0.516793,-0.173967,0.182301,0.022536,0.099906,0.080995,-0.008381,-0.034360,-0.152429,-0.099752,
0.964993,-0.381638,0.482939,-0.213306,0.196794,0.022731,0.147153,0.058661,-0.078980,-0.044214,-0.145680,-0.138916,
0.940260,-0.383019,0.528400,-0.232932,0.225649,-0.035187,0.119102,0.116911,-0.104655,-0.052447,-0.148528,-0.048018,
0.984861,-0.478351,0.491933,-0.186227,0.201329,-0.118452,0.026834,0.012575,-0.086665,0.004848,-0.117721,0.011805,
0.967168,-0.405458,0.452113,-0.093903,0.203076,-0.188010,0.016876,0.026523,0.086043,0.064952,-0.066936,-0.003708,
1.238051,-0.507662,-0.007050,-0.241764,0.424314,0.118532,0.125346,-0.144863,-0.029405,-0.021585,-0.118980,0.047594,
1.642310,-0.700489,-0.085956,-0.342238,0.614163,0.177621,0.000170,-0.036561,-0.131244,0.005136,-0.140591,-0.040282,
1.560299,-0.590217,0.004909,-0.276772,0.710923,0.152345,-0.009402,0.053020,-0.098521,0.011630,-0.096528,-0.008692,
1.643141,-0.156814,0.027327,-0.184740,0.757038,0.166143,0.200962,-0.005916,0.014507,0.056382,-0.063614,0.174630,
1.928590,-0.044727,-0.051847,-0.207583,0.707372,0.231382,0.268719,-0.152757,-0.018224,0.086787,-0.081976,0.159409,
1.949868,-0.128542,-0.020211,-0.062593,0.623777,0.226596,0.267369,-0.117061,-0.067252,0.050958,-0.062883,0.102624,
1.923773,-0.041162,-0.077104,-0.119768,0.698797,0.178438,0.302865,-0.150529,-0.068192,0.063183,-0.102871,0.137772,
1.930501,0.108619,-0.150879,-0.196092,0.807941,0.186378,0.242215,-0.170460,-0.047790,0.065516,-0.091137,0.127800,
1.898479,0.135538,-0.161564,-0.089298,0.726631,0.206401,0.233110,-0.127836,-0.049737,0.020583,-0.046985,0.085316,
1.981523,0.063818,-0.117408,-0.101400,0.735591,0.183361,0.224797,-0.095517,-0.075589,0.055493,-0.066706,0.086370,
1.945471,0.005948,-0.049884,-0.145464,0.714178,0.178942,0.251042,-0.069190,-0.054219,0.103892,-0.081600,0.085129,
1.971013,-0.087781,0.079805,-0.149483,0.704124,0.261434,0.250945,-0.096977,-0.096135,0.111650,-0.087178,0.105472,
1.892405,-0.002701,0.044826,-0.099127,0.739325,0.310492,0.229049,-0.119023,-0.093486,0.063041,-0.049835,0.103675,
1.913417,0.003853,0.016833,-0.176494,0.712790,0.264803,0.199125,-0.061549,-0.026800,0.084871,-0.037494,0.091852,
1.968031,0.044724,-0.005031,-0.270617,0.769702,0.287835,0.192713,-0.067544,-0.019879,0.103973,-0.046103,0.101753,
2.054623,0.072363,-0.019992,-0.316055,0.843813,0.349615,0.148503,-0.076474,-0.036410,0.109614,0.003285,0.113629,
2.044603,0.049154,-0.092833,-0.277186,0.857723,0.391423,0.122964,-0.087818,0.032582,0.102756,0.062286,0.119645,
1.942743,-0.035016,-0.086561,-0.196433,0.868913,0.316982,0.199276,-0.047475,-0.017154,0.142853,0.010669,0.137816,
1.915794,-0.176595,-0.004269,-0.087288,0.833409,0.321995,0.265551,-0.053199,-0.102332,0.171819,0.005365,0.148345,
1.808111,-0.356216,0.136331,0.049591,0.621662,0.357750,0.332174,-0.103526,-0.055407,0.159160,0.014599,0.132419,
1.654106,-0.293474,0.218705,-0.051103,0.632695,0.401882,0.241361,-0.001226,-0.010358,0.113468,0.046513,0.134529,
1.493856,-0.185560,0.350985,-0.123026,0.637325,0.267850,0.212799,0.102669,-0.042832,0.016742,0.053550,0.195445,
1.374901,-0.198461,0.268038,-0.104686,0.671475,0.194189,0.274205,0.119577,-0.049716,0.018537,0.069999,0.226479,
1.487501,-0.255612,0.211127,-0.205107,0.757077,0.251731,0.233908,0.166050,-0.002265,0.053838,0.011778,0.178239,
1.610091,-0.385738,0.152496,-0.092874,0.724878,0.273302,0.255275,0.036824,0.092431,0.033753,-0.097881,0.248306,
1.689687,-0.311163,0.083802,-0.140213,0.708164,0.311104,0.280172,0.032148,0.072016,0.034431,-0.067641,0.211823,
1.690860,-0.300404,0.042561,-0.141555,0.663106,0.305346,0.408767,0.027178,0.075576,0.045285,-0.078843,0.242412,
1.644534,-0.340358,0.073454,-0.142017,0.709087,0.381348,0.373227,0.006524,0.062814,0.058396,-0.078625,0.229138,
1.617501,-0.431582,0.173810,-0.129551,0.707586,0.507926,0.244619,0.122188,-0.016673,0.033785,0.038335,0.107657,
1.646980,-0.306823,0.023075,-0.138074,0.808512,0.437151,0.250767,0.128541,-0.030748,0.034706,0.018236,0.112200,
1.625468,-0.325961,-0.004409,-0.103011,0.787920,0.505206,0.301572,0.038207,-0.032621,0.059908,0.021675,0.129086,
1.703614,-0.258253,-0.131959,-0.041841,0.717449,0.461080,0.432242,-0.063365,0.037226,0.043671,-0.024636,0.162508,
1.764038,-0.307258,-0.169416,-0.100427,0.788832,0.471580,0.387480,-0.002916,0.049284,0.030043,-0.035440,0.170268,
1.807701,-0.437370,-0.062370,-0.157168,0.879485,0.545574,0.290506,0.020376,-0.049857,0.106018,0.018957,0.144390,
1.723923,-0.280919,-0.023121,-0.222143,0.903877,0.547847,0.256011,0.020631,-0.064874,0.101983,0.035741,0.129932,
1.643516,-0.388757,-0.009681,-0.136116,0.874002,0.518811,0.320134,0.025028,-0.091859,0.140333,0.027508,0.128454,
1.675513,-0.457362,0.022134,-0.033266,0.858868,0.470660,0.346310,-0.018265,-0.082322,0.204792,-0.005450,0.111699,
1.665233,-0.422646,-0.008269,-0.051803,0.902288,0.507932,0.306493,-0.049819,-0.024588,0.203950,-0.000964,0.126488,
1.669760,-0.513132,0.118089,-0.087019,0.849525,0.618343,0.253026,-0.069070,-0.026302,0.226818,0.026769,0.096298,
1.670158,-0.447132,0.144718,-0.072447,0.791803,0.604764,0.260353,-0.074194,-0.029077,0.217143,0.024293,0.083852,
1.723950,-0.347905,0.127670,-0.085030,0.787558,0.638421,0.231793,-0.111823,0.003825,0.185256,0.026201,0.106198,
1.666532,-0.464693,0.169101,-0.079476,0.838945,0.601615,0.221136,-0.081290,-0.067523,0.256229,0.047814,0.059454,
1.496042,-0.472166,0.111656,-0.015256,0.848180,0.588771,0.236738,-0.068361,-0.036162,0.245668,0.064449,0.069924,
1.378498,-0.364609,0.099551,0.067808,0.801691,0.570562,0.119123,0.000652,0.090098,0.119993,0.117521,0.098707,
1.455152,-0.477753,0.114292,0.053522,0.789391,0.581433,0.095979,0.058647,0.066709,0.114131,0.159799,0.064279,
1.525587,-0.519091,0.078213,0.026359,0.824270,0.531271,0.291377,-0.102157,0.033109,0.258674,0.037915,0.118215,
1.604010,-0.413744,0.198118,0.013016,0.784707,0.425599,0.248488,-0.058754,-0.024958,0.299829,0.021684,0.055482,
1.526216,-0.430277,0.214451,0.078885,0.789519,0.396573,0.232195,-0.015651,-0.009308,0.293890,0.044080,0.040639,
1.486753,-0.416794,0.109174,0.039614,0.790856,0.457199,0.229174,-0.046884,0.108685,0.207101,0.049821,0.122673,
1.361545,-0.342217,0.102038,0.008387,0.818360,0.428677,0.237231,-0.005619,0.122882,0.172545,0.051197,0.133954,
1.380692,-0.195792,0.154853,0.004568,0.783822,0.319087,0.179118,0.034886,0.172615,0.170645,0.074315,0.114296,
1.583100,-0.195353,0.194001,-0.130709,0.799958,0.390313,0.127962,0.030106,0.112382,0.211225,0.055625,0.075178,
1.465060,-0.275284,0.194784,-0.053902,0.810930,0.490130,0.259210,-0.076271,0.064853,0.246875,-0.007873,0.124434,
1.413002,-0.327153,0.176711,0.090254,0.716108,0.373757,0.306776,-0.098121,0.175730,0.242194,-0.010321,0.128180,
1.419976,-0.340149,0.223219,0.117281,0.790492,0.353450,0.233115,-0.066548,0.142510,0.277034,-0.028084,0.087160,
1.424006,-0.372410,0.205104,0.100301,0.833060,0.451788,0.199562,-0.070269,0.129905,0.258159,-0.027617,0.081963,
1.431532,-0.317992,0.315422,0.007566,0.757591,0.378444,0.175136,0.038984,0.129463,0.204844,-0.002542,0.089471,
1.373329,-0.192412,0.405105,-0.072629,0.576103,0.206548,0.334548,0.094751,0.082185,0.126532,0.098533,0.243729,
1.337676,-0.053797,0.453083,-0.088085,0.507837,0.143579,0.304357,0.122239,0.075056,0.151429,0.177889,0.193158,
1.225081,-0.125756,0.555284,-0.027355,0.484696,0.139042,0.228844,0.135724,0.080723,0.334143,0.174501,0.005525,
1.248371,-0.203350,0.624070,-0.045945,0.518440,0.095844,0.185260,0.176634,0.138427,0.273079,0.124204,0.085219,
1.111085,-0.224058,0.690259,-0.035647,0.396875,0.131533,0.242070,0.165491,0.088385,0.180489,0.067827,0.097616,
1.256029,-0.326758,0.588259,-0.101789,0.343462,0.071185,0.163901,0.149345,0.071074,0.245880,0.105889,0.052704,
1.225963,-0.280443,0.365066,-0.131079,0.414537,0.095652,0.163134,0.133665,0.178853,0.173073,0.058533,0.087969,
1.223089,-0.167002,0.466913,-0.020276,0.388455,0.002045,0.085207,0.092687,0.157570,0.205272,0.096415,0.066956,
1.168696,-0.192038,0.539976,-0.023516,0.302004,-0.000891,0.080177,-0.002858,0.159079,0.239927,0.042626,0.052073,
1.114799,-0.276961,0.473125,-0.071788,0.272584,0.133222,0.212392,0.030379,0.147126,0.069022,-0.066018,0.104949,
1.126017,-0.376400,0.480603,-0.151206,0.191716,0.042837,0.180651,0.077667,0.022284,0.041997,-0.016074,0.077959,
1.075094,-0.397793,0.438013,-0.153402,0.256862,-0.010681,0.188849,0.144571,0.060102,0.040888,-0.006850,0.042752,
1.016640,-0.418378,0.334607,-0.100997,0.230298,0.001924,0.178302,-0.093265,0.126975,0.024210,-0.075524,0.123378,
0.998184,-0.330424,0.342224,-0.167222,0.282090,0.057434,0.200142,-0.121578,0.038552,0.043427,-0.132220,0.118838,
1.127930,-0.324063,0.434186,-0.277808,0.225462,0.090912,0.097590,-0.047603,0.043909,0.091702,-0.062966,0.093147,
1.137598,-0.330554,0.426113,-0.248749,0.199351,-0.122905,-0.025278,-0.040203,0.048559,0.010034,-0.019403,0.177221,
1.071768,-0.272262,0.256489,-0.266469,0.220246,-0.168032,0.079884,-0.078130,-0.032767,-0.066346,-0.027233,0.174527,
1.043393,-0.340818,0.294173,-0.175848,0.308592,0.042118,0.140874,0.009911,-0.067494,0.033521,-0.021889,-0.029862,
1.048337,-0.297312,0.334342,-0.224099,0.366454,0.088658,0.163001,0.074973,-0.021532,-0.061190,-0.037135,0.052622,
0.973304,-0.270473,0.363458,-0.278130,0.376983,0.099371,0.162518,0.044781,0.027080,-0.099450,-0.031542,0.148232,
1.032034,-0.253207,0.448781,-0.244256,0.345819,0.116722,0.111713,0.025805,0.121745,0.049880,-0.016431,0.080473,
1.060058,-0.326356,0.486515,-0.252055,0.340261,0.067980,0.066350,0.050806,0.042397,0.093568,0.013959,0.049391,
1.058646,-0.598390,0.203829,-0.351266,0.359270,0.103996,0.168245,0.069072,-0.114877,-0.087262,-0.039335,0.169961,
1.011536,-0.586417,0.133762,-0.320664,0.418967,0.096931,0.219900,0.094117,-0.122618,-0.135266,-0.034911,0.205826,
1.057999,-0.393349,0.363564,-0.187544,0.452583,0.010809,0.107974,0.192002,-0.056240,-0.057909,-0.027930,0.060841,
1.015902,-0.429173,0.431713,-0.237264,0.287564,-0.081692,0.065461,0.189377,-0.054774,-0.062827,0.056653,0.086523,
1.002471,-0.500391,0.231655,-0.371551,0.286431,-0.029041,0.093795,0.104021,-0.187536,-0.123699,-0.027127,0.093814,
1.156765,-0.495375,0.369284,-0.323063,0.258745,0.152872,0.218396,0.117081,-0.096560,0.047177,-0.131096,-0.024659,
1.168636,-0.423571,0.369376,-0.202663,0.289851,0.002341,0.190057,0.066704,-0.020688,0.081193,-0.179583,0.072378,
0.988494,-0.488871,0.275878,-0.189709,0.365454,-0.017738,0.123929,-0.006860,0.007063,0.098999,-0.249299,0.041391,
0.932779,-0.578020,0.275714,-0.176915,0.270672,-0.049738,0.117254,-0.035749,-0.086228,0.135561,-0.147334,-0.062650,
1.078300,-0.647290,0.271971,-0.287074,0.156050,-0.038876,0.101404,-0.002740,-0.197383,0.113485,-0.083258,-0.155121,
1.045396,-0.549989,0.194397,-0.353211,0.220796,-0.086021,-0.065032,-0.029263,-0.214095,0.074144,-0.147684,-0.136893,
0.976859,-0.431242,0.201524,-0.228374,0.180909,-0.054094,-0.010147,-0.078090,-0.151071,0.122122,-0.098069,-0.104165,
0.991590,-0.469758,0.217951,-0.260188,0.148686,-0.055821,-0.059927,-0.028446,-0.153941,0.106850,-0.034447,-0.087678,
0.903757,-0.461012,0.402695,-0.271397,0.166633,0.025279,0.010934,-0.029544,-0.036455,0.028934,0.014654,0.022747,
0.902097,-0.388175,0.338286,-0.257050,0.241001,0.031371,0.057422,-0.036679,-0.076264,-0.006748,0.052093,0.123213,
0.903850,-0.447774,0.176934,-0.380198,0.252687,-0.050811,0.039668,-0.054809,-0.168338,-0.065290,-0.080692,0.128046,
0.970662,-0.461955,0.219711,-0.457874,0.179242,0.043860,0.029779,-0.146568,-0.180451,-0.141938,-0.116462,0.129395,
0.978727,-0.264421,0.229338,-0.409874,0.208191,0.118519,0.002356,-0.139971,-0.158431,-0.129098,-0.076854,0.037205,
0.988445,-0.349011,0.261340,-0.311411,0.254321,0.023536,-0.116625,-0.152844,-0.185582,-0.111829,-0.054919,0.059405,
0.963935,-0.407495,0.354969,-0.215796,0.173790,-0.000415,-0.006115,-0.181920,-0.224060,-0.175811,-0.062238,0.120117,
1.029353,-0.441170,0.310200,-0.172864,0.255895,0.017201,0.064652,-0.176595,-0.117340,-0.097617,-0.174292,0.098712,
0.928609,-0.406431,0.325621,-0.198854,0.181562,-0.022799,-0.039856,-0.112742,-0.131185,0.038106,-0.022317,0.026772,
0.952932,-0.366112,0.370020,-0.143280,0.240149,-0.041732,-0.065964,-0.061507,-0.143246,0.014580,0.024239,-0.026329,
0.948222,-0.457264,0.403046,-0.078549,0.276977,0.003672,-0.155757,-0.058068,0.031849,0.019105,0.041587,-0.079246,
0.867182,-0.572313,0.419229,-0.107958,0.280285,-0.009083,-0.135133,-0.025095,0.010643,0.108842,0.017089,-0.172404,
0.818146,-0.510136,0.361621,-0.058146,0.332631,-0.198704,-0.152900,-0.013596,0.059681,0.021151,-0.081045,-0.041436,
0.953232,-0.389561,0.283503,0.060076,0.334681,-0.280404,-0.101376,-0.041786,-0.030588,0.029641,-0.087166,0.017296,
0.951557,-0.469142,0.335067,-0.069495,0.314264,-0.089598,-0.075568,-0.010850,-0.059649,0.086612,-0.093976,-0.095878,
0.834802,-0.401439,0.351797,-0.090187,0.389577,-0.157541,-0.084358,0.066180,0.067588,0.016816,-0.111486,0.028282,
0.794689,-0.444246,0.256224,-0.082181,0.373184,-0.211992,0.028531,0.160514,0.088596,-0.074688,-0.089208,0.099541,
0.831871,-0.560690,0.256460,-0.134874,0.302620,-0.110084,-0.022345,0.216439,-0.003657,-0.087585,-0.031912,0.024037,
0.802052,-0.535537,0.273175,-0.199573,0.290493,0.010879,-0.070850,0.100777,0.087808,-0.050272,-0.060511,0.006800,
0.832206,-0.440315,0.209362,-0.133971,0.331545,0.039117,0.030022,-0.055066,0.003234,-0.032723,-0.105621,-0.022022,
0.919942,-0.338247,0.246766,-0.159407,0.161838,0.005509,0.113923,-0.153038,0.016285,0.056915,-0.117024,0.056459,
0.881332,-0.390947,0.326507,-0.267598,0.155194,0.061421,0.046011,-0.101640,0.050566,-0.011434,-0.127227,0.133033,
0.810175,-0.304283,0.198399,-0.142658,0.287473,0.041091,0.069418,-0.089932,0.145982,-0.143633,-0.084550,0.119123,
0.885434,-0.204204,0.199022,-0.116982,0.200500,0.040135,0.117229,-0.189370,0.140696,-0.078804,-0.087289,0.108660,
0.829383,-0.217980,0.342225,-0.165592,0.108516,-0.059900,0.067160,-0.121265,0.103799,-0.003786,-0.072121,0.068211,
0.848534,-0.322434,0.373390,-0.141011,0.191790,-0.097014,-0.018159,-0.164013,-0.032547,-0.016411,-0.037579,0.077234,
0.863789,-0.314197,0.370439,-0.321773,0.206065,-0.093385,-0.077662,-0.167690,-0.101447,-0.084005,-0.143492,0.002605,
0.901345,-0.279575,0.225854,-0.290250,0.241608,-0.000146,-0.077100,-0.118096,-0.112742,-0.089492,-0.165435,-0.039130,
1.002531,-0.315220,0.301762,-0.245626,0.179003,0.108085,0.046184,-0.068798,-0.023511,0.088127,-0.150204,-0.079305,
0.919787,-0.392946,0.289523,-0.198710,0.357940,0.093685,0.070486,-0.052736,0.033872,0.113837,-0.145825,-0.049115,
0.932314,-0.420751,0.299369,-0.140787,0.335624,0.179795,0.147970,-0.146887,0.007715,0.020389,-0.157426,0.006440,
1.045307,-0.433857,0.360956,-0.142008,0.252365,0.129001,0.137415,-0.044024,0.055416,-0.016641,-0.063327,-0.007838,
0.936518,-0.401960,0.326422,-0.138224,0.213018,0.011612,0.033588,0.085101,-0.040765,-0.069258,0.024969,-0.004561,
0.872152,-0.299203,0.367595,-0.188230,0.192771,-0.044978,0.030147,-0.040367,-0.102687,-0.006776,0.000218,0.008771,
0.811627,-0.256911,0.315137,-0.201555,0.307821,-0.001832,0.080745,-0.011334,-0.051253,0.075263,0.025604,-0.019566,
0.779142,-0.421667,0.305684,-0.072252,0.306869,-0.036241,-0.022934,-0.016853,0.035695,0.144196,0.006865,-0.081303,
0.779245,-0.520046,0.366272,-0.091035,0.245884,0.003185,-0.043993,-0.000881,0.115436,0.214674,-0.094369,-0.123578,
0.744381,-0.394234,0.341256,-0.196317,0.289750,0.056423,0.014636,-0.044356,0.035978,0.070630,-0.081929,-0.017093,
0.832844,-0.425972,0.345562,-0.155771,0.264501,0.050239,-0.037203,-0.025738,-0.032492,0.002046,0.068605,0.069701,
1.016013,-0.450065,0.357019,-0.195135,0.077903,0.033684,-0.128680,-0.090451,-0.021446,-0.049390,-0.011494,0.084996,
1.101355,-0.348358,0.359273,-0.259858,0.146862,-0.060430,-0.071374,-0.055805,0.053252,-0.000245,-0.087761,0.045144,
1.028868,-0.402120,0.267506,-0.332056,0.272532,-0.093178,-0.005801,0.066271,0.008254,0.056904,-0.032302,-0.024140,
0.887969,-0.469029,0.260329,-0.432749,0.249258,-0.019047,0.073865,0.189258,0.087488,0.140385,0.003137,0.028084,
1.049344,-0.538153,0.254772,-0.363676,0.292116,0.050898,0.078690,0.191982,0.114273,0.132399,-0.041814,0.069160,
1.211732,-0.475823,0.281958,-0.280710,0.351632,0.069509,0.022706,0.217825,0.100424,0.081246,-0.088227,0.028168,
1.121997,-0.410658,0.380317,-0.175557,0.362107,-0.061258,0.111565,0.254210,0.087253,0.140787,0.011644,0.062483,
1.015716,-0.390239,0.393008,-0.111444,0.299064,-0.120652,0.074733,0.125051,0.055669,0.156378,0.025078,0.076349,
0.794886,-0.304306,0.315137,-0.185594,0.249212,-0.033570,0.024952,0.022181,0.024741,0.125322,-0.012460,0.021848,
0.957827,-0.360706,0.242486,-0.264296,0.109593,-0.022133,0.051172,0.053081,-0.028894,-0.104262,-0.037501,-0.005662,
1.080428,-0.352831,0.287736,-0.121658,0.075118,0.105569,0.100279,0.086183,0.031805,-0.149103,-0.007897,0.117675,
0.943202,-0.340676,0.238375,-0.161099,0.210171,0.073699,0.074636,0.007867,0.125134,0.007886,0.014314,0.114487,
0.861631,-0.311373,0.285304,-0.206989,0.150566,-0.062248,0.015460,-0.032368,0.040849,0.096365,-0.041089,-0.060336,
0.943203,-0.351773,0.354303,-0.258009,0.101515,-0.032920,0.183984,-0.005621,-0.024375,0.028228,-0.115927,-0.046614,
0.860820,-0.301926,0.324651,-0.283118,0.005720,-0.009738,0.280434,0.040721,-0.062858,0.056297,-0.169224,-0.129232,
0.786494,-0.223206,0.247921,-0.261190,-0.024309,-0.042340,0.162345,0.014266,-0.010745,0.099546,-0.207845,-0.123938,
0.937825,-0.207073,0.332526,-0.234578,0.122427,-0.063877,0.075791,0.028113,-0.071783,0.081055,-0.142428,-0.089230,
0.947010,-0.235356,0.333593,-0.172289,0.105589,-0.072368,0.130599,-0.058782,-0.175208,0.037747,-0.029566,-0.074931,
0.903890,-0.290368,0.299939,-0.186960,0.047042,-0.104640,0.018256,-0.090748,-0.136653,0.022729,-0.033297,-0.075571,
0.864190,-0.217050,0.347784,-0.089593,0.141401,-0.104386,-0.052902,-0.066603,-0.120784,0.038642,0.087518,-0.004996,
0.842631,-0.173426,0.295475,-0.164981,0.104210,-0.173070,0.085723,-0.163772,-0.090055,0.013853,0.008580,0.071793,
0.955599,-0.259202,0.296451,-0.153564,0.080299,-0.218198,0.077118,-0.187151,-0.067042,0.088891,-0.115495,0.092158,
0.928609,-0.382380,0.374951,-0.004925,0.116694,-0.212219,0.048673,-0.173832,-0.022377,0.126796,-0.074433,0.063965,
0.940693,-0.266552,0.387537,-0.011985,0.138163,-0.166116,0.086478,-0.150940,-0.008660,0.090047,-0.066935,0.119258,
0.853946,-0.225179,0.247541,-0.077473,0.077932,-0.098846,0.062806,-0.087764,-0.006262,0.147224,-0.101510,0.029582,
0.801274,-0.341862,0.199912,-0.206966,0.095457,-0.130219,-0.002462,-0.018411,-0.076242,0.096696,-0.036252,-0.003658,
0.835963,-0.312840,0.218353,-0.178605,0.247345,-0.116445,-0.049490,-0.028586,-0.100892,0.107092,-0.003575,-0.047591,
0.891514,-0.308127,0.294955,-0.094736,0.170424,-0.143304,-0.043668,-0.055008,-0.069200,0.132972,0.041204,-0.056560,
1.003077,-0.250791,0.340059,-0.067118,0.014721,-0.137032,-0.065490,-0.020879,-0.081552,0.102453,0.082624,-0.088568,
1.064680,-0.251361,0.220661,-0.095020,0.090613,-0.161659,0.010197,-0.026284,-0.042926,0.065795,-0.056407,-0.058941,
0.925712,-0.277655,0.396951,-0.212397,0.046901,-0.037898,0.028576,0.065828,-0.034753,-0.003121,-0.005274,0.000278,
0.926990,-0.316131,0.534744,-0.119385,0.110041,-0.038904,-0.087045,-0.017249,-0.061830,0.000447,0.057344,-0.025824,
0.889706,-0.463502,0.330651,-0.149413,0.098600,-0.057063,-0.123267,-0.053930,-0.047779,0.008341,0.058865,0.045779,
0.873390,-0.315814,0.269509,-0.218558,0.093752,0.029215,-0.105548,0.004518,-0.031183,-0.024808,-0.021880,0.033186,
0.825092,-0.269559,0.300783,-0.151400,0.005785,0.120713,-0.011470,-0.027085,-0.029961,-0.067364,-0.064664,0.021032,
0.871942,-0.324935,0.283454,-0.128818,0.091719,0.047220,-0.064387,-0.073877,0.033604,-0.091171,-0.045129,0.041418,
0.911564,-0.349861,0.342867,-0.166349,0.259381,-0.048270,-0.090436,0.024580,-0.053063,-0.025825,0.002925,0.047223,
1.002141,-0.291290,0.259867,-0.124732,0.303369,-0.121803,-0.146383,0.036005,-0.034950,0.042865,-0.042754,-0.019829,
1.017454,-0.242368,0.354667,-0.137962,0.236246,-0.189507,-0.087796,0.064915,0.053539,0.068860,-0.053613,0.030397,
0.854953,-0.210184,0.265507,-0.172639,0.155845,-0.166141,-0.033804,0.075471,-0.019981,0.106621,0.035488,-0.016883,
0.857109,-0.124924,0.173255,-0.152617,0.231653,-0.172671,-0.074253,0.011411,-0.071089,0.018651,-0.013036,-0.049310,
0.808132,-0.115920,0.265326,-0.102170,0.293033,-0.175875,0.001969,0.012689,0.053672,0.068814,-0.043267,0.071086,
0.884293,-0.123812,0.311904,-0.219435,0.334235,-0.084863,-0.069982,0.088779,0.163326,0.123025,-0.061151,0.029769,
0.871123,-0.195249,0.287546,-0.229256,0.265318,-0.035382,-0.235662,0.100178,0.093538,0.083916,-0.030614,0.018309,
0.793941,-0.165803,0.264190,-0.254814,0.345216,0.002186,-0.086525,0.187254,-0.008074,-0.024170,-0.014037,0.074623,
0.736574,-0.236947,0.304485,-0.223600,0.305283,-0.057496,-0.016233,0.084972,-0.032518,0.022145,0.026062,0.028168,
0.692021,-0.176567,0.335348,-0.213184,0.202267,-0.101070,-0.000626,-0.008741,0.020152,0.076857,-0.027200,-0.032920,
0.715318,-0.192492,0.361123,-0.231538,0.186374,-0.131856,-0.018672,0.035278,0.163568,0.075571,-0.059344,0.000896,
0.750661,-0.225354,0.325700,-0.357818,0.252123,-0.000487,-0.033392,0.059985,0.105878,0.058805,-0.120678,0.058349,
0.770464,-0.304330,0.374983,-0.356069,0.233756,0.120069,0.072609,-0.000201,0.070499,0.022328,-0.070290,0.109352,
0.800555,-0.246666,0.328600,-0.323480,0.093462,-0.062594,0.016422,-0.017916,0.072748,0.036950,-0.126036,0.019579,
0.903407,-0.319684,0.401303,-0.247760,0.124370,-0.085255,0.054809,0.059034,-0.039712,0.050059,-0.137377,-0.025025,
0.957158,-0.327804,0.450969,-0.231546,0.242955,0.017397,0.038320,0.004125,-0.063296,0.073857,-0.085431,-0.102060,
0.982731,-0.291295,0.415881,-0.171338,0.133275,0.120900,-0.014053,0.012732,-0.105443,-0.010590,-0.008638,-0.097553,
0.949152,-0.242324,0.338027,-0.295722,0.038493,0.022587,0.091209,0.010362,-0.101079,-0.099640,-0.108261,0.028324,
0.830211,-0.153850,0.238822,-0.292274,0.026142,-0.119034,0.130164,0.071369,-0.048138,-0.049536,-0.090827,0.019009,
0.767206,-0.219560,0.317862,-0.220002,0.002590,-0.208366,0.049647,0.043042,0.085883,0.017903,-0.033948,0.012219,
0.827568,-0.292458,0.377042,-0.215889,0.063430,-0.175390,-0.080653,0.084265,0.055016,-0.069338,-0.062639,-0.047096,
0.881693,-0.319304,0.420435,-0.128835,0.116064,-0.029213,-0.018896,0.153660,-0.042779,-0.032908,-0.016351,-0.036200,
0.806405,-0.350804,0.356195,-0.023590,0.102635,-0.018046,0.190292,0.013162,-0.055373,0.039127,-0.079345,-0.018750,
0.761974,-0.369662,0.401555,-0.030538,0.048758,0.004794,0.148473,-0.039484,0.096038,-0.041627,-0.133798,0.004934,
0.830475,-0.302702,0.440797,-0.081752,0.177519,0.031686,0.120401,-0.005478,0.148779,-0.019181,-0.119165,0.106680,
0.815252,-0.280227,0.352716,-0.134167,0.219525,-0.143197,0.085977,0.122002,0.000851,0.068738,0.014241,-0.016530,
0.756733,-0.228559,0.374620,-0.215672,0.215177,-0.143463,0.041729,0.049451,-0.098288,0.188140,0.071116,-0.067865,
0.766518,-0.155266,0.342510,-0.236915,0.217587,-0.056314,0.061638,-0.083711,-0.033106,0.145524,-0.058774,0.059542,
0.648062,-0.230565,0.266717,-0.183869,0.108193,-0.084304,-0.009242,-0.052832,0.017422,-0.049568,-0.033864,0.206752,
0.721398,-0.238955,0.295776,-0.183693,0.103804,-0.046325,0.033208,0.121119,0.004495,-0.115380,-0.068412,0.077196,
0.853356,-0.289191,0.251448,-0.141166,0.198786,0.050957,0.178655,0.106564,0.085673,0.000546,-0.018793,0.011283,
0.877506,-0.325738,0.231515,-0.040439,0.247211,0.121533,0.118231,0.013588,0.046450,-0.051634,0.005554,0.097543,
0.801949,-0.266856,0.311994,-0.118753,0.200366,-0.012097,0.029066,-0.047500,0.076729,0.067269,-0.052594,0.056861,
0.896687,-0.258659,0.576332,-0.141299,0.087439,-0.170460,-0.007103,0.113604,0.159401,0.084873,-0.029228,0.099733,
1.018959,-0.252647,0.521327,-0.120739,0.094178,-0.160861,0.061419,0.072290,0.102889,0.065973,-0.074688,0.025180,
0.928764,-0.242049,0.347469,-0.084952,0.132028,-0.175662,0.085568,0.006274,-0.021166,0.067026,-0.138570,-0.071053,
0.962907,-0.269446,0.363363,-0.174115,0.072060,-0.067233,0.106030,0.081299,-0.149214,0.005518,-0.096851,-0.130631,
0.907804,-0.297476,0.365721,-0.219594,0.047294,-0.002537,0.085473,0.061738,-0.041954,0.007869,-0.124561,-0.066693,
0.859976,-0.436265,0.262430,-0.296421,-0.007079,-0.010522,0.039879,0.048050,-0.014581,-0.033410,-0.086656,-0.045128,
0.885484,-0.401910,0.324729,-0.241044,0.092244,0.026617,0.020448,-0.003150,0.002757,0.000871,-0.011472,0.013316,
0.942576,-0.329927,0.375544,-0.180462,0.160055,-0.103102,-0.083290,-0.050819,0.031923,0.048737,0.045679,0.127258,
0.828220,-0.318705,0.327818,-0.217471,0.021734,-0.177066,-0.149529,-0.046261,0.001220,0.103417,-0.014977,0.033936,
0.790070,-0.285048,0.326381,-0.094946,0.032776,-0.221045,-0.099267,-0.029019,0.009881,0.082878,-0.098278,0.050780,
0.902458,-0.280843,0.334677,-0.106365,0.072256,-0.179851,-0.003418,0.045846,-0.029040,0.089395,-0.092580,0.024553,
0.893457,-0.200729,0.317431,-0.214089,0.168449,-0.215409,-0.087517,0.065513,-0.029284,0.075271,-0.042746,-0.001524,
0.777462,-0.225525,0.311793,-0.151747,0.210055,-0.227478,-0.065113,0.014497,-0.005635,-0.003915,0.020187,0.075626,
0.756664,-0.203427,0.274784,-0.141671,0.155099,-0.180953,-0.024979,0.060958,-0.003767,-0.089307,-0.033750,0.077692,
0.757858,-0.224515,0.215338,-0.249098,0.068758,-0.063852,0.025021,0.026112,0.115203,0.031019,-0.061353,0.105862,
0.789859,-0.322275,0.237440,-0.246154,0.100177,-0.053249,0.061705,0.018819,0.030378,0.084356,-0.041263,0.051397,
0.794850,-0.355957,0.234878,-0.163621,0.172327,-0.079710,0.040707,0.097074,-0.085098,0.042026,0.005453,0.004942,
0.874530,-0.306829,0.156067,-0.242464,0.129240,-0.023442,0.074714,0.040445,-0.019745,0.050637,-0.062664,-0.034467,
0.928618,-0.332383,0.240651,-0.279098,0.221460,-0.064261,0.048197,0.006693,0.019362,0.157715,-0.075460,-0.053767,
0.875183,-0.327557,0.332609,-0.160016,0.160334,-0.040436,0.034774,0.034782,0.019609,0.118820,0.069905,0.010930,
0.877180,-0.238004,0.286438,-0.054416,0.106622,0.051023,0.040902,-0.045043,0.017465,-0.020622,0.054095,0.089656,
0.854547,-0.248844,0.281584,-0.089962,0.202103,0.026067,-0.022060,-0.145252,-0.013190,-0.035807,-0.032861,0.083380,
0.773883,-0.230899,0.277539,-0.129080,0.305267,0.022038,-0.029515,-0.000570,-0.087647,0.007846,0.045331,0.062845,
0.707971,-0.377645,0.312061,-0.220865,0.281165,0.036187,-0.036818,0.094227,-0.052056,0.032691,0.044327,0.045623,
0.729068,-0.379073,0.368905,-0.206643,0.132169,0.066989,-0.196782,-0.047791,-0.024600,0.032001,-0.005114,0.077454,
0.862686,-0.196133,0.396957,-0.145193,0.032807,-0.122753,-0.051397,-0.025308,-0.020972,0.071119,0.015856,0.061375,
0.827700,-0.213071,0.406121,-0.127254,0.097192,-0.095552,0.021087,-0.033788,-0.061994,0.065202,0.012947,0.029688,
0.748442,-0.343377,0.322674,-0.091529,0.081458,-0.020407,0.124349,-0.019146,0.061924,0.054393,-0.015409,0.084218,
0.722613,-0.228091,0.275590,-0.114440,0.061842,-0.016596,-0.026981,-0.080762,0.087874,0.111992,0.104358,0.069114,
0.698278,-0.200127,0.325533,-0.208330,0.040190,0.052990,-0.050072,-0.160384,-0.011605,0.184977,0.085874,0.001144,
0.734496,-0.366144,0.204898,-0.191935,0.103269,-0.016772,0.092171,0.040247,-0.047166,0.051784,-0.001732,0.027836,
0.872792,-0.311118,0.250687,-0.166164,0.124714,-0.102687,0.058163,0.098016,-0.052768,-0.057352,-0.074417,0.085255,
0.883813,-0.252235,0.403911,-0.204167,0.144332,-0.103029,0.017293,0.012266,-0.018989,0.054306,-0.146922,0.054248,
0.783522,-0.143112,0.428618,-0.175031,0.110439,-0.055306,0.083629,-0.030534,-0.061327,0.018425,-0.054747,0.016328,
0.769876,-0.150211,0.357147,-0.121782,0.176993,-0.053253,0.071398,-0.036186,-0.101430,-0.031499,-0.051075,0.004706,
0.741166,-0.203225,0.275768,-0.054928,0.191550,-0.095256,0.011455,-0.006236,-0.024257,-0.001332,-0.123640,-0.012009,
0.705479,-0.220776,0.329951,0.069713,0.209124,-0.138758,0.116081,-0.015911,-0.004032,-0.018881,-0.096111,0.019281,
0.668347,-0.219430,0.371273,0.001494,0.273107,-0.113619,-0.009196,-0.034540,-0.022741,-0.077624,-0.038455,0.049411,
0.782594,-0.369900,0.402826,-0.197279,0.195661,-0.079597,-0.057717,0.094701,0.064697,-0.028729,-0.020129,0.066828,
0.703086,-0.289404,0.388299,-0.191332,0.102376,-0.136741,0.046623,0.125744,0.127444,0.015220,-0.116765,0.058864,
0.696803,-0.200761,0.347494,-0.105629,0.050262,-0.169472,0.045151,0.038233,0.213037,0.057558,-0.118797,0.087195,
0.784514,-0.232257,0.317759,-0.084867,0.094456,-0.008858,-0.023925,-0.024320,0.113354,0.126694,0.026164,0.059989,
0.798038,-0.268820,0.319696,-0.102518,0.178070,-0.176516,-0.030584,0.000790,0.023677,0.137392,0.008948,0.118182,
0.739937,-0.246496,0.332676,-0.102715,0.173285,-0.338844,-0.042914,-0.040542,-0.079745,0.064748,-0.011796,0.087032,
0.909352,-0.216821,0.251697,-0.147712,0.199132,-0.219324,0.100027,-0.018706,-0.123660,0.084627,0.035937,0.049858,
0.942218,-0.301982,0.222592,-0.034942,0.222291,-0.092132,0.025352,0.036377,0.000896,0.001680,0.006119,0.026013,
0.865567,-0.388870,0.272504,-0.021503,0.242641,-0.066700,0.004111,-0.065682,0.069122,-0.034920,0.020491,0.132425,
0.900085,-0.249419,0.264758,-0.181469,0.258704,-0.073968,0.065852,-0.031946,-0.030518,0.005745,0.030643,0.114167,
0.876814,-0.059495,0.347244,-0.083638,0.224257,-0.147184,-0.026127,0.032569,0.005611,-0.138782,-0.053112,0.056162,
0.868061,-0.063990,0.285381,-0.029579,0.197184,-0.131327,-0.054677,0.033608,0.108366,-0.196864,-0.128426,-0.039804,
0.899080,-0.200387,0.254240,-0.192754,0.175242,-0.093779,0.150728,0.036518,-0.064846,-0.069827,-0.102682,-0.032279,
0.920484,-0.279448,0.288399,-0.234551,0.103573,-0.121316,0.168355,-0.025390,-0.057591,0.027603,-0.116389,0.030160,
0.876160,-0.241109,0.326550,-0.149233,0.157037,-0.050221,-0.016686,0.038477,-0.000574,0.084348,-0.018870,-0.041012,
0.803577,-0.239501,0.418549,-0.097558,0.156437,0.001070,0.014028,0.045063,-0.011891,0.152917,0.105256,-0.105756,
0.797932,-0.258402,0.310703,-0.048870,0.058865,0.005331,0.094786,0.045017,-0.108174,0.064700,0.006248,-0.053651,
0.660534,-0.218158,0.341783,-0.218592,0.079604,-0.072529,-0.080785,0.016735,-0.000139,-0.029232,-0.038531,-0.021525,
0.674329,-0.334204,0.375366,-0.119263,0.124835,-0.030105,-0.099135,0.007422,0.038965,-0.085546,0.036343,0.125086,
0.797450,-0.328703,0.374197,-0.044585,0.131068,0.062564,0.061153,-0.001419,0.044926,-0.049411,-0.006910,0.043659,
0.814201,-0.192107,0.389975,-0.100223,0.205757,0.107778,0.164030,-0.039870,0.043564,0.104422,-0.063334,-0.088078,
0.731366,-0.111353,0.346431,-0.086809,0.159466,-0.004272,0.104795,-0.098637,0.003146,0.096090,-0.027052,-0.067270,
0.795119,-0.170399,0.400576,-0.194780,0.150255,-0.024951,0.051303,0.023780,-0.069371,0.073592,0.064759,-0.062695,
0.907413,-0.227939,0.363021,-0.247463,0.137340,-0.057398,-0.058860,0.132144,-0.042351,0.057461,0.030728,0.012064,
0.795197,-0.335527,0.298895,-0.230522,0.066059,-0.122615,-0.021878,0.082761,-0.058576,0.100266,0.015426,0.066573,
0.798239,-0.352507,0.317270,-0.156311,0.163050,-0.162484,-0.009373,0.106150,-0.010310,0.145524,0.030573,-0.011637,
0.886311,-0.331304,0.259801,-0.123384,0.251608,-0.118327,0.003520,0.130773,0.037867,0.045777,-0.041178,-0.041907,
0.768914,-0.321774,0.272846,-0.328438,0.209834,-0.007647,-0.034106,-0.010867,-0.016410,0.048847,-0.125407,-0.095635,
0.729937,-0.372985,0.333331,-0.222573,0.063771,-0.002345,0.038161,-0.027942,-0.027551,0.037941,-0.088647,-0.042050,
0.717028,-0.142830,0.374772,-0.185878,0.095454,-0.004957,0.124020,-0.025080,-0.024789,0.026852,0.019259,-0.022592,
0.712252,-0.139025,0.284460,-0.146195,0.264180,-0.015653,0.085105,-0.041885,-0.095836,-0.008693,0.041753,0.065105,
0.747645,-0.333359,0.205011,-0.196300,0.224067,-0.057469,0.111527,-0.021935,-0.162552,0.016175,0.018449,0.064738,
0.746951,-0.311986,0.287511,-0.157249,0.143275,-0.078472,0.182667,0.003796,-0.181755,-0.014681,-0.078500,-0.067073,
0.854390,-0.295655,0.301771,-0.087322,0.157338,-0.075577,0.177238,0.005155,-0.095712,0.084372,-0.053158,-0.043290,
0.955424,-0.259325,0.196532,-0.045550,0.156144,-0.108732,0.161434,-0.039193,0.010232,0.088931,-0.036280,0.013082,
0.776256,-0.264800,0.213702,-0.223164,0.120543,-0.160509,0.063134,-0.077526,-0.018850,0.025014,-0.060879,0.011124,
0.747730,-0.227402,0.391995,-0.064694,0.137075,-0.154749,0.055930,-0.030531,-0.025156,-0.008636,-0.171149,0.017544,
0.943696,-0.241974,0.362670,-0.097131,0.148496,-0.069673,0.152968,-0.021610,-0.003197,-0.059341,-0.186677,0.087751,
0.906508,-0.196452,0.417590,-0.257385,0.098812,-0.029789,0.160986,-0.001189,0.006053,0.068677,-0.023642,0.051060,
0.820463,-0.200097,0.476405,-0.223380,0.141425,-0.096108,0.081266,0.020932,0.093771,0.072938,-0.042062,0.016272,
0.793397,-0.167539,0.404109,-0.154356,0.178812,-0.035585,0.111529,-0.060753,-0.080760,0.037722,-0.046112,-0.014914,
0.661212,-0.133139,0.347302,-0.173663,0.186557,0.063863,-0.003800,-0.086791,-0.054932,0.026446,0.028210,0.004195,
0.672296,-0.216382,0.366886,-0.051206,0.199231,0.086400,0.010054,-0.101466,0.014658,0.092642,-0.000853,-0.069555,
0.784944,-0.182965,0.280017,-0.064284,0.172506,-0.067353,0.101557,-0.190188,-0.095054,0.160670,-0.056349,-0.088375,
0.799428,-0.228996,0.421804,-0.236395,0.085649,-0.101158,-0.031513,-0.047053,-0.034329,0.103808,-0.050393,-0.134465,
0.757744,-0.194875,0.401283,-0.207022,0.175815,0.015653,-0.015799,-0.029442,-0.036184,0.180263,-0.052875,-0.151110,
0.804903,-0.194908,0.311670,-0.132264,0.201000,0.055481,0.086631,-0.062064,-0.057433,0.091269,-0.077537,-0.040629,
0.796841,-0.232687,0.339894,-0.097228,0.025069,-0.038162,0.020861,-0.081102,-0.082242,0.006429,-0.126845,-0.018699,
0.767069,-0.278915,0.473107,-0.166226,0.045010,-0.205600,0.020807,0.035403,-0.008683,0.100306,-0.109704,0.008383,
0.764161,-0.304831,0.443928,-0.204381,0.257904,-0.091140,0.037768,0.140650,-0.020188,0.067364,-0.028683,-0.000725,
0.792602,-0.309713,0.319005,-0.319218,0.307338,0.012199,-0.067977,0.122531,0.017744,0.008164,-0.023947,0.057616,
0.764132,-0.342987,0.379907,-0.277302,0.229249,-0.087164,-0.060806,0.048940,-0.103805,0.015890,-0.018636,0.117547,
0.724486,-0.186141,0.419231,-0.202722,0.188293,-0.156741,-0.030231,0.067772,-0.150268,-0.035456,-0.039053,0.109283,
0.685351,-0.191103,0.391753,-0.229396,0.155703,-0.064470,0.040439,-0.070828,-0.114537,0.052401,-0.032138,0.082641,
0.822688,-0.226985,0.270901,-0.133845,0.141376,-0.109428,0.106255,-0.138316,-0.132211,0.098931,-0.036516,0.001900,
0.885190,-0.134003,0.345761,-0.009523,0.118681,-0.210158,0.105051,-0.007969,-0.102275,0.018750,-0.043884,-0.024721,
0.782084,-0.165922,0.357204,-0.071097,0.245487,-0.051387,0.088781,0.107179,-0.189927,-0.085531,0.065661,0.069860,
0.826933,-0.114657,0.283241,-0.102009,0.272151,-0.073417,0.007024,0.037913,-0.119418,-0.136733,0.113459,0.123414,
0.951176,-0.133558,0.338225,-0.142119,0.219670,-0.102482,-0.036338,-0.003857,0.023524,-0.074027,0.046833,-0.000187,
0.919832,-0.209631,0.371294,-0.140188,0.083714,-0.059993,-0.022083,0.043264,-0.045417,-0.007934,-0.060216,-0.086606,
0.814658,-0.260922,0.417671,-0.150809,0.120969,0.023510,0.086900,0.020233,-0.011505,-0.017021,-0.054811,-0.034547,
0.773470,-0.304753,0.354326,0.003723,0.157207,0.108231,0.118911,0.071982,0.099363,0.054447,0.051113,-0.104063,
0.802870,-0.218538,0.307042,0.014599,0.211534,-0.021077,0.122969,0.095071,0.002256,0.074648,0.014174,-0.076642,
0.802025,-0.259198,0.329256,-0.114222,0.252404,-0.010887,0.099859,0.058126,0.012675,-0.043275,-0.109935,0.020374,
0.911790,-0.256864,0.504060,-0.039157,0.171554,-0.063810,0.152718,0.138626,0.027645,-0.032700,-0.024604,-0.011065,
0.850610,-0.258992,0.418541,-0.010146,0.146712,-0.107885,0.194217,0.147409,0.005865,-0.046356,-0.105465,-0.027057,
0.806379,-0.156741,0.200729,-0.177155,0.119430,-0.215067,0.017278,0.029887,-0.092808,-0.123795,-0.226210,0.006372,
0.907422,-0.158101,0.359458,-0.209758,0.158449,-0.141684,0.033715,-0.010817,-0.092961,-0.018424,-0.115669,0.017251,
0.825738,-0.214388,0.367605,-0.136261,0.124268,-0.046249,0.109898,-0.063800,-0.023219,0.174484,-0.007075,0.052275,
0.812979,-0.252087,0.199724,-0.161705,0.089485,-0.131039,0.043456,0.014281,-0.026549,0.128213,-0.106416,0.046820,
0.774543,-0.240004,0.130677,-0.074255,0.054207,-0.094142,-0.001170,-0.016848,-0.021147,0.114182,-0.149577,-0.032757,
0.774904,-0.199060,0.132222,-0.182326,-0.005153,-0.065829,0.089628,-0.043581,-0.070787,0.037841,-0.092173,-0.086103,
0.834696,-0.215348,0.233728,-0.265509,0.134021,-0.051877,0.082073,0.027049,-0.080251,-0.016094,-0.002182,-0.040227,
0.896280,-0.231475,0.348898,-0.177691,0.208913,0.030800,0.037199,0.059547,-0.117319,-0.053953,-0.002659,-0.006758,
0.956125,-0.226000,0.325151,-0.240079,0.240633,-0.016835,-0.020336,0.076820,-0.053074,0.037041,-0.020917,-0.100907,
0.978670,-0.216083,0.414130,-0.217384,0.200921,-0.072184,0.023454,-0.017988,-0.054009,0.056454,-0.161714,-0.126777,
0.952508,-0.202690,0.502516,-0.134682,0.161754,-0.122059,0.112222,0.061335,0.018798,-0.006233,-0.181762,-0.018334,
0.874568,-0.237869,0.403258,-0.181386,0.177956,-0.112262,0.060484,0.104139,0.014517,0.002816,-0.083532,0.076115,
0.855187,-0.218855,0.348271,-0.278539,0.225032,-0.073704,-0.089067,0.024615,-0.059692,0.000320,-0.095860,-0.023733,
0.928034,-0.261878,0.425099,-0.177186,0.216015,-0.053677,0.012515,0.023313,-0.066231,0.084234,-0.102810,-0.043020,
0.917844,-0.311263,0.531315,-0.037271,0.185065,-0.062879,0.060837,-0.052261,-0.049717,0.085349,-0.018079,0.066841,
0.842062,-0.193720,0.276890,-0.121616,0.046419,-0.006378,0.110619,-0.097435,0.108737,-0.061059,-0.014848,0.022007,
0.926724,-0.262335,0.241978,-0.203846,0.071798,-0.009179,-0.029767,0.055740,0.027599,-0.034830,-0.059759,-0.102694,
0.882693,-0.317333,0.190762,-0.126938,0.158290,-0.057893,0.021142,0.156286,-0.017165,-0.083702,-0.071394,-0.141038,
0.791177,-0.328385,0.237444,-0.070891,0.211688,-0.025772,0.156478,0.112492,0.060041,0.018505,-0.139427,-0.114723,
0.736268,-0.265749,0.298241,-0.095069,0.164582,-0.055332,0.115278,0.135684,0.022608,0.010628,-0.067746,-0.082115,
0.737992,-0.177152,0.286330,-0.160986,0.115426,-0.018137,-0.006504,0.224002,-0.022662,-0.071835,0.030061,-0.054860,
0.777750,-0.234801,0.325208,-0.197466,0.272148,-0.087874,-0.081399,0.111852,0.011181,-0.015280,-0.051981,-0.104940,
0.847119,-0.240145,0.300124,-0.207595,0.246654,-0.081432,-0.046368,0.070995,0.014137,0.009857,-0.041085,-0.079136,
0.790839,-0.284144,0.308966,-0.093794,0.168012,-0.127733,0.039194,0.037760,-0.053775,0.071281,-0.057457,-0.053851,
0.740665,-0.294571,0.251514,-0.028570,0.181152,-0.137826,0.109157,0.111439,-0.082936,0.031429,-0.026980,0.001329,
0.749332,-0.334304,0.210875,-0.116129,0.204236,-0.057741,0.075830,0.171475,-0.124091,-0.010533,-0.103003,-0.027534,
0.720146,-0.433430,0.196907,-0.156602,0.168621,-0.149160,0.019384,0.189307,-0.061012,0.059159,-0.110567,-0.056711,
0.670226,-0.268837,0.211660,-0.116966,0.194271,-0.147564,0.028632,0.142608,-0.100645,-0.060440,-0.063603,-0.027629,
