0.810534,-0.429985,0.460996,-0.198068,0.158969,-0.191340,-0.005044,-0.130674,-0.029682,0.084044,0.072174,0.130359,
0.702238,-0.636998,0.521415,-0.252314,0.093917,-0.099678,-0.089417,-0.055740,0.027152,0.132987,0.002934,-0.006522,
0.839387,-0.717393,0.547830,-0.304130,0.033595,-0.115219,-0.025144,0.045249,-0.094367,0.107029,0.060806,0.009177,
0.778579,-0.456261,0.455559,-0.330079,0.025067,-0.229847,0.082051,0.092478,-0.111285,0.096520,0.099783,0.039047,
0.634814,-0.368358,0.456728,-0.331812,0.138322,-0.180646,0.069097,0.102101,0.017265,0.059159,0.080902,0.169269,
0.576674,-0.407604,0.528892,-0.298905,0.156426,-0.089065,0.144331,0.144065,-0.014744,0.056645,-0.008224,0.202071,
0.467357,-0.361841,0.407699,-0.314799,0.080614,-0.151880,0.255398,0.107659,-0.013470,0.067165,-0.026717,0.165284,
0.388986,-0.385585,0.339180,-0.348784,0.049737,-0.180371,0.187516,-0.038434,-0.025165,0.043744,-0.054012,0.088649,
0.490165,-0.354878,0.437216,-0.356789,0.035890,-0.256007,0.131992,-0.054470,-0.006833,0.142213,0.070278,0.054775,
0.565240,-0.262706,0.397893,-0.332733,-0.038185,-0.317382,0.119886,-0.176012,-0.052012,0.094712,0.162724,0.032012,
0.528475,-0.366922,0.364858,-0.211842,-0.090927,-0.269526,0.059311,-0.305612,0.060873,0.094754,0.041915,0.012080,
0.480119,-0.271250,0.326773,-0.220196,-0.105644,-0.145521,0.136204,-0.318694,0.036788,0.009590,0.006428,-0.001507,
0.434457,-0.264201,0.475867,-0.251108,-0.091412,-0.284249,0.073572,-0.217692,-0.014173,0.093252,0.041887,-0.018324,
0.392179,-0.304147,0.508761,-0.359467,-0.018663,-0.339861,0.101261,-0.121422,-0.029937,0.156237,0.020487,-0.010626,
0.493632,-0.178528,0.434830,-0.338697,0.014402,-0.278410,0.227442,-0.100046,-0.051485,0.038401,0.008812,-0.010464,
0.516825,-0.144621,0.393089,-0.372532,0.036293,-0.291840,0.222956,-0.121551,-0.049106,0.038499,-0.009027,-0.012698,
0.546311,-0.256059,0.338602,-0.375692,0.012425,-0.398559,0.112078,-0.178738,-0.091368,0.104699,-0.012540,0.031688,
0.747169,-0.310761,0.324328,-0.210663,0.037371,-0.426127,0.052929,-0.193996,-0.077630,0.035485,-0.042313,0.149833,
1.002510,-0.169261,0.405971,-0.134505,0.094993,-0.406073,0.038518,-0.195907,-0.040622,0.023735,-0.070799,0.188547,
1.124086,-0.066647,0.410040,-0.189438,0.085584,-0.404453,0.003371,-0.210471,-0.084670,0.014856,0.013635,0.172380,
1.214715,0.150923,0.416888,-0.161467,0.108942,-0.284784,-0.004352,-0.081739,-0.022021,-0.109534,0.017832,0.123287,
1.457034,0.307397,0.579338,-0.063314,0.233402,-0.060538,0.099551,0.005125,0.064249,0.028736,-0.041509,0.095733,
1.592186,0.466921,0.805542,0.113132,0.461219,0.049489,0.110146,-0.066895,0.092326,0.114877,-0.104570,0.087117,
1.774141,0.412842,0.918886,0.203217,0.590374,0.070869,0.130670,-0.020375,-0.031626,0.041594,-0.111774,0.068872,
1.886421,0.432711,0.862115,0.218946,0.745322,0.167398,0.004990,0.054941,-0.163972,-0.130018,0.044247,0.023892,
1.811204,0.606900,0.875199,0.240967,0.777233,0.123183,0.119120,-0.010721,-0.288174,-0.091244,0.021227,0.001889,
2.012664,0.486777,1.039555,0.133933,0.934080,0.145549,0.056354,0.017606,-0.307976,-0.136019,-0.107404,0.089643,
1.822295,0.718003,0.907842,0.128992,0.878607,0.220890,0.038737,-0.078723,-0.257272,-0.119292,0.017617,-0.014307,
1.825800,0.757814,0.804770,0.233906,0.845172,0.244297,-0.034904,-0.090671,-0.218410,-0.105900,0.058098,-0.091772,
1.897917,0.748569,0.766260,0.250582,0.926656,0.232136,-0.074401,-0.064039,-0.205885,-0.122222,0.053821,-0.112449,
1.969042,0.682484,0.745039,0.257080,0.978004,0.219927,-0.086273,-0.030147,-0.183876,-0.147901,0.035093,-0.093010,
1.847122,0.727266,0.684288,0.362076,0.864882,0.245297,-0.104916,-0.053266,-0.126614,-0.159731,0.073425,-0.122381,
2.033292,0.625755,0.650304,0.379044,0.928966,0.232213,-0.151925,-0.044250,-0.103365,-0.164639,0.019197,-0.111655,
2.307250,0.444441,0.714288,0.291398,1.068139,0.227644,-0.207928,-0.036652,-0.142232,-0.115438,-0.069441,-0.114854,
2.013264,0.658532,0.595049,0.387090,1.001258,0.167403,-0.201298,-0.022612,-0.132870,-0.147908,-0.006934,-0.163922,
1.909505,0.719436,0.619630,0.392437,0.839535,0.211962,-0.132080,-0.060074,-0.148977,-0.154668,0.040694,-0.129706,
2.135066,0.547320,0.781115,0.208544,0.980543,0.227773,-0.145609,-0.091273,-0.166477,-0.149080,-0.036027,-0.063722,
2.003225,0.671265,0.672926,0.308131,0.876750,0.258159,-0.144204,-0.128767,-0.126511,-0.190964,0.038851,-0.096439,
2.013607,0.642121,0.705063,0.358737,0.782478,0.238911,-0.146291,-0.075924,-0.196251,-0.138604,0.042985,-0.126746,
1.945114,0.702013,0.690955,0.360107,0.781291,0.185443,-0.146252,-0.056588,-0.239244,-0.123201,0.031331,-0.150962,
2.035910,0.710006,0.655729,0.284833,0.954695,0.103246,-0.189719,-0.040220,-0.235187,-0.109855,-0.036607,-0.176758,
1.963388,0.787305,0.557147,0.408888,0.821470,0.136725,-0.196548,-0.059206,-0.202522,-0.138068,-0.017268,-0.169766,
2.069626,0.615966,0.705672,0.366275,0.822441,0.129160,-0.175152,-0.093529,-0.217559,-0.136554,-0.022711,-0.138114,
2.194184,0.423609,0.899407,0.195475,0.904352,0.144113,-0.167012,-0.105650,-0.286364,-0.089144,-0.077945,-0.088608,
1.961624,0.768803,0.735460,0.210611,0.830320,0.170667,-0.139881,-0.129658,-0.324210,-0.093093,0.019168,-0.150253,
1.925147,0.807436,0.725635,0.151858,0.883551,0.149936,-0.160146,-0.131788,-0.324697,-0.109614,0.021367,-0.155757,
2.009572,0.700568,0.798643,-0.013585,1.062880,0.096074,-0.215488,-0.093843,-0.357271,-0.071036,-0.032427,-0.138746,
1.963033,0.688453,0.810242,0.026684,0.989544,0.063654,-0.144674,-0.132498,-0.360805,-0.029995,-0.065849,-0.082277,
1.836718,0.823159,0.781854,0.139600,0.749565,0.120989,-0.063326,-0.207596,-0.356218,0.053357,-0.044602,-0.101306,
2.004417,0.762633,0.851180,0.047961,0.810203,0.091812,-0.101899,-0.203483,-0.305318,0.086990,-0.090212,-0.073332,
2.054634,0.817851,0.740032,-0.028485,0.881981,0.044705,-0.145598,-0.126281,-0.273372,0.026019,-0.060009,-0.066615,
2.066229,0.865153,0.723125,-0.069567,0.804897,0.038631,-0.196902,-0.096409,-0.259308,0.001830,-0.012261,-0.086661,
1.915101,0.879629,0.630362,0.084653,0.725444,-0.058919,-0.200582,-0.085997,-0.193325,0.001385,-0.027093,-0.082892,
2.068212,0.800155,0.618985,0.029758,0.826544,-0.165818,-0.176321,-0.094946,-0.185777,0.092464,-0.116082,-0.015470,
2.038908,0.814710,0.664654,-0.008236,0.767088,-0.107431,-0.148637,-0.107132,-0.207119,0.175463,-0.060438,-0.006688,
1.933566,0.905582,0.509396,0.014844,0.613334,-0.054914,-0.093993,-0.100114,-0.272025,0.185455,0.030373,0.043252,
2.123595,0.822034,0.568589,-0.196140,0.672368,-0.056443,-0.071187,-0.126890,-0.277962,0.151621,0.037567,0.138316,
2.068910,0.902448,0.587078,-0.244136,0.596152,-0.016070,-0.048702,-0.198427,-0.175300,0.109231,0.069029,0.221081,
1.992093,0.915496,0.559110,-0.283856,0.624198,-0.048075,-0.051605,-0.086421,-0.169357,0.074193,0.090693,0.178713,
1.848088,0.879046,0.538708,-0.226974,0.484091,0.040074,-0.010387,-0.056858,-0.131679,0.094723,0.133143,0.157676,
2.207928,0.770704,0.539670,-0.466923,0.590201,0.155113,-0.076830,-0.029677,-0.050565,0.098772,0.215551,0.236943,
2.137286,0.530055,0.458482,-0.265545,0.511277,0.266388,-0.074005,-0.025198,0.002813,0.114353,0.299203,0.221978,
2.119965,0.362311,0.472017,-0.312446,0.543292,0.324409,0.015776,0.023703,0.048417,0.201028,0.256215,0.201002,
2.231145,0.283139,0.474346,-0.322749,0.497100,0.340412,0.107037,0.036620,0.042918,0.252439,0.176469,0.155699,
2.171269,0.397426,0.339348,-0.384693,0.559777,0.343501,0.078366,0.038411,0.112916,0.202289,0.212601,0.183148,
2.226674,0.331237,0.346146,-0.419685,0.577132,0.359605,0.042496,0.087681,0.107981,0.218593,0.243565,0.152981,
2.228612,0.264078,0.374540,-0.327826,0.425801,0.431907,0.058484,0.122071,0.121467,0.214847,0.278867,0.094302,
2.367866,0.060260,0.524624,-0.387447,0.401127,0.465667,0.082056,0.125247,0.117933,0.276231,0.238868,0.056021,
2.054670,0.209709,0.352001,-0.209699,0.390234,0.379073,0.191874,0.146518,0.104733,0.314356,0.188010,-0.002455,
2.072584,0.134652,0.302782,-0.161469,0.397335,0.396718,0.156930,0.124339,0.197294,0.247363,0.172469,0.048694,
2.176741,0.035056,0.367581,-0.283209,0.492043,0.422881,0.063245,0.137910,0.239616,0.227575,0.176535,0.079827,
2.109533,-0.040089,0.442044,-0.288997,0.475531,0.466593,0.057507,0.148889,0.232746,0.252778,0.187409,0.036341,
1.947147,0.067252,0.392231,-0.216541,0.397639,0.481669,0.059070,0.145928,0.280585,0.272555,0.214754,0.015495,
1.888722,0.132418,0.346202,-0.303893,0.490718,0.429940,0.157820,0.124633,0.293131,0.262583,0.114607,0.072477,
1.992120,-0.010455,0.398455,-0.376471,0.546149,0.420700,0.130482,0.177778,0.291015,0.269447,0.071745,0.075642,
1.908814,-0.009659,0.383004,-0.287714,0.512103,0.441872,0.107014,0.132659,0.334481,0.271543,0.064395,0.032173,
1.841589,0.030477,0.480703,-0.211840,0.468990,0.400575,0.092623,0.107370,0.351955,0.298495,0.044598,0.041854,
1.696128,0.161665,0.589827,-0.111327,0.469773,0.325731,0.069709,0.091658,0.275682,0.278386,0.058371,0.058707,
1.642282,0.252753,0.683583,-0.182929,0.582379,0.290136,0.122575,0.138302,0.122625,0.161961,0.052174,0.139171,
1.507658,0.196419,0.583365,-0.113678,0.536185,0.267166,0.174995,0.139463,0.181570,0.181508,0.047021,0.125071,
1.532772,0.062342,0.611112,-0.072922,0.492678,0.217691,0.235561,0.115095,0.115512,0.187885,0.120512,0.201205,
1.601528,0.007216,0.558735,-0.046423,0.398103,0.218369,0.373386,0.063426,0.085900,0.330684,0.078782,0.132232,
1.551289,-0.003528,0.580841,0.041918,0.452170,0.126056,0.235514,0.031263,0.126578,0.490044,0.041367,-0.007364,
1.510399,-0.074579,0.624998,0.051446,0.522896,0.113830,0.160811,0.135655,0.095064,0.389950,0.043357,-0.030904,
1.661952,-0.100428,0.709405,-0.057799,0.488699,0.164943,0.197337,0.210629,0.081834,0.279450,0.022569,0.050934,
1.564653,0.098946,0.667042,-0.088406,0.530919,0.146491,0.083339,0.203981,0.171313,0.254734,0.062773,0.069119,
1.542702,0.117229,0.634176,0.041562,0.545337,0.134219,0.139980,0.161846,0.136183,0.186565,0.076168,0.110763,
1.659242,-0.033104,0.673676,0.058071,0.541297,0.122813,0.183198,0.191641,0.068954,0.259784,0.037337,0.052777,
1.678160,0.002505,0.750010,0.090324,0.555409,0.182335,0.278395,0.258608,0.068496,0.259296,-0.007827,0.059593,
1.567782,0.131499,0.760930,0.012005,0.601904,0.240520,0.273902,0.327067,0.142319,0.161661,-0.016514,0.129497,
1.565963,0.337532,0.617174,0.027481,0.602475,0.214440,0.287997,0.293076,0.175268,0.038806,-0.023171,0.140595,
1.743294,0.403641,0.676275,0.108711,0.523647,0.280542,0.313151,0.164123,0.068131,-0.047570,-0.034534,0.109229,
1.698704,0.329692,0.781769,0.149221,0.418462,0.368804,0.358360,0.022523,0.040084,0.023788,0.015708,0.153693,
1.501957,0.128019,0.890442,0.067437,0.313787,0.280323,0.243637,0.005778,0.124101,0.165966,0.145376,0.222153,
1.573818,-0.008568,0.780095,-0.073761,0.344034,0.373865,0.234368,0.100717,0.102069,0.162101,0.208476,0.211653,
1.386370,-0.053893,0.613556,-0.180518,0.367693,0.456301,0.297600,0.105298,0.069566,0.183886,0.244956,0.175480,
1.447199,0.089325,0.549407,-0.080420,0.285962,0.422405,0.259823,0.101717,0.161034,0.105699,0.258133,0.212140,
1.599854,0.053791,0.661909,0.000931,0.368033,0.419684,0.186804,0.160633,0.182717,0.155095,0.221884,0.166775,
1.656711,0.004457,0.597520,-0.101363,0.473868,0.368642,0.227949,0.183543,0.136474,0.183611,0.267610,0.233357,
1.645568,0.061027,0.545062,-0.077299,0.523425,0.302964,0.213853,0.195944,0.128572,0.119064,0.290892,0.284021,
1.525681,0.094860,0.540111,0.041244,0.371211,0.421978,0.243901,0.109179,0.128718,0.180822,0.239510,0.158705,
1.561836,-0.033324,0.546210,0.042991,0.359870,0.380775,0.229453,0.156845,0.189855,0.154250,0.193906,0.151157,
1.706432,-0.031176,0.593199,-0.089960,0.323717,0.293014,0.170022,0.200069,0.210656,0.195512,0.243520,0.163303,
1.579545,-0.056200,0.549389,-0.092537,0.357901,0.190268,0.080373,0.265083,0.235322,0.155720,0.221189,0.095673,
