0.669914,-0.350805,0.394853,-0.410215,0.110198,-0.146027,0.060174,-0.125972,-0.093843,0.059672,-0.082488,0.079309,
0.584073,-0.318523,0.303610,-0.380498,0.185416,-0.150452,0.042686,-0.169385,-0.073028,0.041327,-0.008839,0.084082,
0.544160,-0.416910,0.270309,-0.260505,0.116484,-0.142348,0.063291,-0.189441,-0.037466,0.001595,-0.031289,-0.018759,
0.599602,-0.482407,0.345081,-0.305743,-0.010788,-0.085436,0.024311,-0.153408,-0.006889,-0.035047,0.072353,0.018148,
0.670303,-0.326195,0.412760,-0.279955,0.050019,-0.118376,0.040729,-0.094567,0.056535,-0.020727,0.093498,0.057626,
0.530793,-0.214155,0.256008,-0.218959,-0.006649,-0.089313,0.112589,-0.144860,0.041036,0.024415,-0.053384,0.054104,
0.385305,-0.213963,0.282935,-0.255418,0.095917,-0.117956,0.121238,-0.054002,0.021892,-0.074617,-0.070294,0.055832,
0.404372,-0.177079,0.283618,-0.188383,0.247195,-0.283860,0.084679,0.095992,0.139718,-0.030025,0.026235,0.114159,
0.430435,-0.318760,0.400304,-0.234030,0.259313,-0.146949,0.128998,-0.067055,0.022974,0.113374,0.035836,0.102151,
0.392306,-0.283665,0.471449,-0.117170,0.176067,-0.155326,0.166122,-0.147439,-0.056589,0.027085,0.028593,0.028131,
0.343318,-0.233267,0.381224,-0.144405,0.120665,-0.170914,0.254365,-0.065504,-0.019841,-0.028518,0.056313,-0.060122,
0.318690,-0.242268,0.336477,-0.243259,0.096880,-0.111659,0.221731,-0.066998,0.033659,0.036892,-0.053321,-0.140027,
0.169154,-0.162043,0.372482,-0.250772,0.119259,-0.129880,0.229311,-0.081323,-0.009599,0.027095,-0.136013,-0.123466,
0.302598,-0.135763,0.371977,-0.274652,0.165426,-0.168994,0.186321,-0.056893,-0.015226,0.038829,-0.037983,-0.087280,
0.320814,-0.131687,0.321152,-0.351619,0.224896,-0.243322,0.056057,-0.110776,0.084022,0.051911,-0.044022,-0.048319,
0.317911,-0.176690,0.204980,-0.353342,0.233367,-0.270654,0.076163,-0.134966,0.041324,-0.017320,-0.077261,-0.039736,
0.555741,-0.195813,0.260781,-0.285122,0.078208,-0.277613,0.083926,-0.223931,0.004148,-0.139993,-0.178132,0.108306,
0.707499,-0.228740,0.361758,-0.239154,0.056822,-0.218648,0.119076,-0.182228,-0.058679,-0.194409,-0.225101,0.142919,
0.688875,-0.221490,0.333369,-0.289494,0.050800,-0.218463,0.131199,-0.142924,-0.094955,-0.209378,-0.179765,0.076980,
0.703879,-0.231418,0.351094,-0.330422,0.028500,-0.273503,0.109989,-0.092082,-0.036571,-0.085855,-0.145753,0.037715,
0.901380,-0.047715,0.386080,-0.220048,0.140497,-0.154197,0.110787,-0.066608,0.098859,0.026744,-0.112926,0.140233,
1.226628,0.046189,0.719384,-0.017628,0.358844,-0.028248,0.054453,0.065299,0.151104,0.125345,-0.024517,0.128192,
1.620906,0.153836,0.897743,0.180921,0.591307,0.186890,0.002453,0.038580,0.082816,0.099317,-0.109787,-0.008521,
1.764839,0.345907,0.942347,0.169016,0.658477,0.230887,-0.022134,-0.016233,-0.002162,0.046158,-0.052945,-0.021820,
1.602083,0.618380,0.874397,0.186070,0.747124,0.213200,0.049193,0.019168,-0.191030,-0.055900,0.094620,-0.048537,
1.628518,0.585677,0.771319,0.266084,0.833634,0.200733,-0.018786,0.055750,-0.120299,-0.156874,0.146121,-0.033293,
1.637076,0.578861,0.691592,0.292469,0.857382,0.222506,-0.081587,0.025769,-0.041796,-0.178502,0.148965,-0.045811,
1.698036,0.554331,0.746748,0.264307,0.809963,0.255486,-0.069731,-0.035204,-0.040992,-0.158876,0.116403,-0.020796,
1.731510,0.525889,0.745990,0.285988,0.869519,0.222088,-0.103205,-0.014852,-0.055142,-0.168769,0.114472,-0.031183,
1.738232,0.515390,0.748038,0.285312,0.964330,0.185534,-0.127763,-0.030718,-0.053916,-0.183716,0.106366,-0.026095,
1.813190,0.402450,0.836297,0.235796,0.992013,0.191834,-0.179220,0.027414,-0.100552,-0.157171,0.090763,-0.035138,
1.826897,0.371938,0.728516,0.279624,1.014215,0.176140,-0.193042,0.021988,-0.047449,-0.146013,0.066446,-0.031442,
1.768351,0.401945,0.653156,0.326830,1.035424,0.159505,-0.168558,-0.041657,0.030264,-0.173539,0.055133,0.002113,
1.637281,0.510487,0.602202,0.397685,1.036049,0.126346,-0.160262,-0.050999,0.074491,-0.263268,0.121608,-0.036064,
1.667790,0.549590,0.583830,0.358471,1.035413,0.157873,-0.186532,-0.023509,0.025687,-0.218642,0.129725,-0.090047,
1.719846,0.526398,0.648873,0.310491,1.014552,0.182306,-0.215457,-0.004091,-0.047010,-0.168320,0.129998,-0.116654,
1.823030,0.447536,0.697044,0.248026,0.998518,0.209425,-0.252217,0.022158,-0.079574,-0.135443,0.114079,-0.124561,
1.757856,0.460430,0.668540,0.310038,0.853169,0.248161,-0.234370,0.003258,-0.059671,-0.136581,0.130614,-0.120142,
1.877591,0.414125,0.711609,0.301004,0.933771,0.199178,-0.237546,-0.014319,-0.080046,-0.132000,0.081060,-0.099880,
1.938351,0.399817,0.700387,0.309360,1.011997,0.148958,-0.245027,0.010562,-0.117309,-0.122350,0.050472,-0.099298,
1.797526,0.445576,0.750844,0.292916,0.992758,0.139043,-0.243114,0.015882,-0.121539,-0.143459,0.090835,-0.120039,
1.613752,0.563331,0.722958,0.298153,0.885535,0.163289,-0.219240,-0.006105,-0.133604,-0.141770,0.147253,-0.164770,
1.624248,0.517085,0.813276,0.227240,0.985849,0.113501,-0.229581,-0.000946,-0.154001,-0.076607,0.110289,-0.170374,
1.725372,0.531021,0.752358,0.221184,1.000751,0.096199,-0.218962,-0.016034,-0.193948,-0.003560,0.067450,-0.172590,
1.795104,0.449384,0.857737,0.179593,0.967754,0.121259,-0.235182,-0.006258,-0.225234,0.021516,0.062656,-0.183361,
1.817204,0.387039,0.914143,0.164656,0.904756,0.141098,-0.224679,0.000127,-0.252787,0.010980,0.077785,-0.179212,
1.785934,0.492641,0.750733,0.213869,0.956600,0.062940,-0.209765,-0.023939,-0.226473,0.020846,0.038667,-0.154947,
1.781868,0.443959,0.835232,0.177076,0.903743,0.090440,-0.220394,-0.052518,-0.214994,0.048006,0.042793,-0.152869,
1.863530,0.414443,0.864563,0.100998,0.881706,0.129948,-0.234109,-0.089325,-0.197017,0.082145,0.029771,-0.128620,
1.820208,0.579675,0.744866,0.073225,0.930374,0.047131,-0.215522,-0.104031,-0.210200,0.099705,0.009434,-0.109035,
1.596963,0.738711,0.640043,0.150133,0.835471,0.003819,-0.197985,-0.158706,-0.160126,0.093385,0.026496,-0.108859,
1.653307,0.694431,0.617006,0.066107,0.999421,-0.117909,-0.210071,-0.135884,-0.208925,0.135445,-0.011090,-0.070902,
1.660343,0.741496,0.609201,-0.036483,1.007095,-0.159215,-0.176063,-0.116361,-0.261135,0.156748,-0.016887,-0.010839,
1.594864,0.857418,0.519768,-0.036632,0.943694,-0.141864,-0.113936,-0.191048,-0.150402,0.128586,0.002506,0.021759,
1.579866,0.824455,0.481756,0.001018,0.802788,-0.076816,-0.089271,-0.211835,-0.086974,0.131151,0.047352,0.046950,
1.689887,0.809207,0.522270,-0.050245,0.750020,-0.032771,-0.130885,-0.139767,-0.195360,0.142379,0.111541,0.050044,
1.750901,0.740298,0.537280,-0.075224,0.728775,-0.073864,-0.089725,-0.186118,-0.188748,0.187940,0.083424,0.130927,
1.733646,0.760091,0.573737,-0.192217,0.787630,-0.084932,-0.129866,-0.154722,-0.227512,0.244610,0.084493,0.124542,
1.769789,0.806443,0.486110,-0.250384,0.856408,-0.102833,-0.107163,-0.134163,-0.247788,0.250353,0.095558,0.139906,
1.922655,0.742296,0.402712,-0.262611,0.804980,0.008081,-0.040074,-0.161632,-0.126037,0.148486,0.115436,0.187879,
1.961556,0.558437,0.521409,-0.349289,0.729192,0.123519,-0.075503,-0.026138,-0.119135,0.135874,0.141918,0.145518,
2.075654,0.335087,0.633020,-0.383584,0.643431,0.192979,-0.091451,0.085109,-0.123369,0.132706,0.155672,0.110239,
1.980746,0.187194,0.363038,-0.215023,0.704603,0.221750,0.093515,0.098457,0.079398,0.178701,0.108038,0.188619,
1.902394,0.179419,0.224405,-0.197216,0.717108,0.245728,0.136188,0.089424,0.167852,0.208359,0.139123,0.179679,
1.890870,0.251035,0.260332,-0.296246,0.699362,0.254010,0.096360,0.095427,0.171037,0.176174,0.191682,0.207861,
1.859581,0.219428,0.318504,-0.342157,0.614280,0.246221,0.156143,0.106567,0.165807,0.165808,0.179100,0.270204,
1.862142,0.220113,0.278511,-0.394478,0.638172,0.231774,0.136575,0.171558,0.147621,0.189452,0.176840,0.192987,
1.883906,0.232461,0.194371,-0.343967,0.609567,0.259192,0.155485,0.147779,0.160888,0.161301,0.173190,0.166967,
2.037295,0.139915,0.261113,-0.430483,0.617577,0.275808,0.110638,0.141305,0.156664,0.224823,0.160996,0.189679,
1.974419,0.164086,0.275213,-0.407913,0.599963,0.255749,0.138835,0.125326,0.167535,0.243293,0.154235,0.197422,
1.873861,0.253230,0.245137,-0.400805,0.558380,0.295010,0.135367,0.163027,0.175205,0.190559,0.226626,0.155493,
1.870507,0.205386,0.216396,-0.335679,0.519292,0.332396,0.089512,0.255394,0.139222,0.166294,0.274374,0.060710,
1.952867,0.041647,0.298546,-0.438429,0.610851,0.322886,0.059243,0.300839,0.137552,0.192829,0.230185,0.043334,
1.777205,0.112587,0.305962,-0.506950,0.624174,0.317678,0.040876,0.321186,0.175224,0.167665,0.301906,0.065865,
1.801048,0.246445,0.244444,-0.517443,0.684659,0.285615,0.027625,0.269060,0.195311,0.174352,0.283158,0.064638,
1.772298,0.247858,0.212751,-0.449828,0.673500,0.295713,0.075531,0.260301,0.169630,0.162746,0.214455,0.034194,
1.773029,0.238119,0.160106,-0.451640,0.651051,0.320817,0.142506,0.203963,0.161447,0.157987,0.135570,0.043098,
1.811439,0.128338,0.256441,-0.478110,0.694792,0.310713,0.062512,0.272021,0.119002,0.195371,0.145778,-0.014600,
1.726631,0.182324,0.243452,-0.445344,0.728923,0.263664,0.053468,0.270879,0.133277,0.210806,0.146571,-0.024817,
1.639684,0.098482,0.277336,-0.381779,0.658431,0.302196,0.087554,0.187198,0.232644,0.227250,0.107278,0.024881,
1.625866,0.015516,0.278232,-0.274233,0.590737,0.321811,0.156909,0.170098,0.229801,0.232381,0.035824,0.006482,
1.662417,-0.019212,0.332658,-0.182070,0.574630,0.217912,0.155854,0.161753,0.195142,0.292556,0.041788,0.019601,
1.601800,0.013890,0.368494,-0.158211,0.572247,0.199346,0.133729,0.161064,0.213922,0.310038,0.063453,0.022792,
1.461422,0.040587,0.394640,-0.169641,0.585558,0.214167,0.138802,0.165555,0.238808,0.293863,0.102284,0.052641,
1.320781,0.041570,0.439222,-0.229527,0.724231,0.271398,0.081758,0.237411,0.174271,0.138488,0.148743,0.074370,
1.329868,0.090270,0.551764,-0.237776,0.721081,0.203571,0.107778,0.281563,0.040901,0.128430,0.123572,0.084373,
1.305527,0.222886,0.522736,-0.202602,0.675198,0.123793,0.162132,0.269605,0.095687,0.228563,0.050729,0.065265,
1.212731,0.269631,0.430798,-0.191744,0.759165,0.146982,0.182121,0.199455,0.143106,0.228477,0.099638,0.107196,
1.177700,0.134546,0.405960,-0.196812,0.767569,0.256392,0.222287,0.210180,0.174645,0.232281,0.024869,0.097998,
1.200377,0.194983,0.492347,-0.204553,0.697870,0.162522,0.187765,0.274011,0.215375,0.142966,0.093276,0.129265,
1.289598,0.154934,0.540777,-0.199485,0.599050,0.088235,0.184122,0.312010,0.218969,0.094440,0.091192,0.157540,
1.242197,0.026158,0.464685,-0.190859,0.467755,0.034267,0.213697,0.176494,0.075852,0.015196,-0.055329,0.181786,
1.222565,0.192065,0.420878,-0.081814,0.488409,0.134206,0.365323,0.145897,0.039004,0.068979,0.031988,0.177197,
1.301832,0.291729,0.512513,-0.046340,0.570349,0.265070,0.395916,0.196616,0.086591,0.154384,0.134783,0.205311,
1.320534,0.285406,0.610187,-0.051280,0.596482,0.241484,0.242234,0.254149,0.149439,0.179629,0.189504,0.163193,
1.461935,0.175168,0.641692,-0.097819,0.646058,0.239178,0.190412,0.250075,0.165995,0.176058,0.145776,0.196083,
1.388771,0.268247,0.467659,-0.052296,0.685958,0.300855,0.135897,0.191542,0.209557,0.132061,0.105615,0.112991,
1.360887,-0.004316,0.480780,-0.084668,0.677644,0.261739,0.019893,0.157165,0.176899,0.165651,0.095813,0.066734,
1.172780,-0.102379,0.364111,-0.020584,0.588625,0.159206,0.011720,0.088751,0.064776,0.110882,0.013448,0.024925,
1.115682,-0.039048,0.283751,-0.239446,0.564093,-0.015464,-0.055068,0.018308,0.041201,0.063646,-0.030575,0.088206,
1.295536,0.007287,0.349118,-0.149156,0.652051,0.103253,0.062509,0.143683,0.089570,0.140824,0.036829,0.070643,
