0.254941,-0.404186,0.742033,-0.250319,0.103078,-0.091317,0.052895,-0.087151,0.028724,0.089523,-0.084421,0.012086,
0.109559,-0.407180,0.568110,-0.149172,0.092300,-0.051143,0.057529,-0.245354,-0.000985,0.070790,-0.132523,-0.003386,
0.073056,-0.458023,0.624688,-0.078386,0.123639,-0.023888,0.108643,-0.141895,0.031493,-0.064806,-0.138135,-0.082536,
0.064961,-0.472133,0.605230,-0.065431,0.180988,-0.049717,0.105487,-0.030343,-0.034971,-0.067355,-0.061798,-0.073862,
-0.076761,-0.546001,0.576906,-0.197387,0.160564,-0.015584,0.023482,-0.009540,-0.049577,0.098234,0.067224,-0.062163,
-0.076283,-0.529258,0.727972,-0.287332,0.189349,-0.037162,0.032024,0.020116,-0.039613,0.079222,-0.045993,-0.107195,
-0.198839,-0.371241,0.792401,-0.293047,0.081964,-0.116840,0.069122,-0.046258,-0.035105,-0.050409,-0.176970,-0.020325,
-0.365889,-0.357869,0.775903,-0.326768,-0.167801,-0.206771,0.106527,-0.029587,-0.003179,-0.029427,-0.130418,0.091913,
-0.454991,-0.460644,0.674157,-0.342065,-0.151540,-0.162965,0.076000,-0.089271,0.039024,-0.000051,-0.092902,0.083214,
-0.494705,-0.376190,0.533211,-0.418854,-0.086778,-0.083249,0.062745,-0.193212,0.077579,-0.020538,-0.089140,0.027829,
-0.513446,-0.464135,0.562110,-0.391723,-0.112800,0.108309,0.213229,-0.215279,-0.059055,-0.007923,-0.118014,0.041214,
-0.498287,-0.497881,0.605503,-0.329162,-0.108487,0.078597,0.272339,-0.198123,-0.129345,0.046097,-0.121943,0.046968,
-0.308826,-0.401470,0.577043,-0.336265,0.053878,0.035849,0.217392,-0.116483,-0.059921,0.048523,-0.063627,0.136800,
-0.119065,-0.402241,0.676391,-0.410538,0.123271,0.063385,0.088019,-0.062820,0.094305,0.103092,-0.053665,0.039196,
-0.188451,-0.395112,0.742558,-0.379186,-0.006816,0.067615,0.051714,-0.106761,0.170242,0.085845,-0.052442,0.056519,
-0.300308,-0.464118,0.592275,-0.331773,-0.032544,0.042514,0.143862,-0.177654,0.102828,0.033071,-0.084863,0.062948,
-0.410514,-0.542291,0.602646,-0.444084,0.101770,-0.017462,0.025711,-0.149358,-0.048309,0.102988,-0.127041,-0.009766,
-0.421506,-0.438249,0.647424,-0.414469,0.159487,-0.039472,-0.034871,-0.160715,-0.057019,0.133863,-0.110186,0.024516,
-0.414548,-0.366112,0.682040,-0.378641,-0.059818,-0.076675,0.110160,-0.070134,0.040064,-0.015389,-0.042195,0.105426,
-0.563641,-0.505011,0.606822,-0.413075,-0.068183,-0.106243,0.085554,-0.018130,0.052804,0.038604,-0.051766,0.093626,
-0.621362,-0.542254,0.595806,-0.405513,-0.081701,-0.160074,0.153039,-0.011880,-0.102258,0.051470,-0.052345,0.008479,
-0.494639,-0.531167,0.717640,-0.393914,-0.210751,-0.116430,0.155925,-0.082622,-0.064960,0.104710,-0.065504,0.053133,
-0.541335,-0.474027,0.730577,-0.339988,-0.142102,0.004417,0.146569,-0.026652,0.068197,0.147536,0.045417,0.043658,
-0.518579,-0.558624,0.646332,-0.357536,-0.023431,-0.038320,0.184028,-0.013650,0.157121,0.118160,0.022788,-0.002981,
-0.550969,-0.644799,0.478614,-0.443003,0.040922,-0.153792,0.191741,-0.038864,-0.033541,0.090174,-0.075165,-0.038111,
-0.636637,-0.543935,0.381858,-0.531817,-0.013226,-0.182262,0.166306,-0.092222,-0.113517,0.074032,-0.075003,0.007682,
-0.633965,-0.306904,0.548726,-0.592174,0.135104,-0.037254,-0.023145,-0.142413,-0.067360,0.038499,-0.042393,0.004781,
-0.644772,-0.345755,0.709164,-0.498773,0.089467,0.022322,0.007602,-0.120087,-0.047577,0.021872,-0.088059,0.038471,
-0.609375,-0.429951,0.743859,-0.375761,-0.112020,-0.074409,0.224341,-0.038549,0.077829,0.082514,-0.098009,0.080457,
-0.645018,-0.442461,0.626426,-0.347872,-0.072661,-0.203168,0.283432,0.075539,0.093898,0.075862,-0.031168,-0.001496,
-0.445208,-0.452570,0.675690,-0.140746,0.105247,-0.183694,0.363553,0.247045,0.018475,0.084805,0.042476,0.077114,
0.011308,-0.554511,1.018061,-0.015245,0.243887,0.100898,0.510102,0.324609,-0.005360,0.080226,-0.031862,0.105987,
0.451991,-0.401446,1.079807,-0.152483,0.210955,0.141827,0.478541,0.378190,-0.051959,0.220908,0.020870,-0.099588,
0.906168,-0.122884,0.870584,-0.267927,0.263656,0.154970,0.483168,0.307285,-0.108081,0.237562,0.065664,-0.106749,
1.289586,-0.043961,0.627688,-0.270458,0.250224,0.162389,0.500997,0.292494,-0.054243,0.126437,0.083333,-0.001782,
1.743161,-0.069191,0.433118,-0.372167,0.433902,0.279329,0.306212,0.336057,0.034882,0.053536,-0.008623,0.032696,
1.710436,0.057145,0.285491,-0.502526,0.645468,0.324952,0.167339,0.373230,0.073301,0.046904,0.016599,-0.059270,
1.691323,0.115362,0.199645,-0.569824,0.741559,0.279476,0.179276,0.379542,0.059826,0.053164,-0.004698,-0.052045,
1.606727,0.208677,0.107984,-0.584128,0.777750,0.228521,0.263664,0.363417,0.005662,0.056818,-0.034570,-0.031059,
1.474888,0.388459,0.007438,-0.541360,0.734376,0.194105,0.353450,0.291118,0.023392,0.030726,-0.024581,-0.012584,
1.473582,0.404004,0.048265,-0.605609,0.733865,0.237987,0.345193,0.301804,-0.026085,0.013351,-0.010811,-0.014728,
1.461758,0.331167,0.157170,-0.618251,0.757268,0.258078,0.300593,0.325204,-0.106079,-0.011517,0.014787,0.011341,
1.443109,0.383319,0.060925,-0.582659,0.769354,0.180042,0.311302,0.324378,-0.049583,-0.025932,0.004488,-0.019098,
1.452522,0.356754,0.063575,-0.601761,0.794020,0.209235,0.280859,0.328749,-0.084933,-0.008647,-0.002045,-0.051996,
1.507236,0.263404,0.123811,-0.606283,0.834913,0.249116,0.222863,0.318973,-0.118482,-0.004288,-0.000836,-0.040768,
1.591692,0.188229,0.173780,-0.600706,0.810578,0.318309,0.187263,0.222324,-0.023919,-0.064668,-0.003143,0.056597,
1.519349,0.243674,0.154343,-0.548447,0.794564,0.302600,0.210533,0.187373,-0.006344,-0.060387,-0.015844,0.040750,
1.473001,0.328570,0.143398,-0.559505,0.807977,0.249981,0.226669,0.190035,0.021292,-0.040229,-0.036086,0.012913,
1.425635,0.378283,0.185486,-0.579737,0.778847,0.193094,0.211087,0.240470,0.085285,-0.012888,-0.057857,-0.046336,
1.460710,0.351444,0.330729,-0.656090,0.659057,0.205619,0.228985,0.313733,0.067479,-0.002531,-0.058177,-0.008150,
1.449077,0.425320,0.425835,-0.686854,0.584891,0.209669,0.249460,0.337458,0.098301,0.002302,-0.060050,0.012912,
1.377161,0.360263,0.650015,-0.612280,0.385133,0.131791,0.340397,0.380742,0.137480,0.013355,-0.047412,0.075933,
1.432636,0.168715,0.706131,-0.514394,0.211015,0.207068,0.471948,0.274472,0.063510,0.098050,0.013566,0.131717,
1.642865,0.083950,0.585154,-0.388978,0.394273,0.255920,0.364263,0.234049,0.049724,0.086228,0.026153,0.213579,
1.301707,-0.045912,0.711323,-0.393134,0.425794,0.296779,0.271440,0.198690,0.146087,0.092443,-0.028424,0.189085,
1.262391,-0.064375,0.690434,-0.476850,0.424030,0.338411,0.257400,0.185165,0.114266,0.099544,-0.008952,0.158895,
1.494368,0.122533,0.474807,-0.632983,0.503504,0.283642,0.293740,0.233366,-0.001788,0.098346,0.072104,0.185546,
1.629528,0.307884,0.278579,-0.659515,0.612825,0.220789,0.279871,0.260063,-0.070983,0.108491,0.076076,0.126848,
1.657644,0.534496,0.254277,-0.808306,0.695666,0.288579,0.202153,0.277279,-0.090806,0.083284,0.092066,0.026311,
1.637335,0.491572,0.314015,-0.782759,0.684269,0.328642,0.138817,0.231005,-0.059336,0.044491,0.094987,0.030170,
1.559018,0.540273,0.237250,-0.718907,0.738863,0.254370,0.161531,0.166317,-0.017581,0.035695,0.084279,0.044813,
1.524761,0.634242,0.163749,-0.682931,0.738084,0.164967,0.218789,0.126224,-0.000351,0.034039,0.057542,0.056843,
1.614822,0.544974,0.252266,-0.573906,0.772061,0.203962,0.111879,0.106532,-0.069918,-0.047879,0.038897,0.027123,
1.675746,0.513177,0.284558,-0.404688,0.832484,0.289029,0.054189,0.076029,-0.098379,-0.140604,0.021323,-0.019886,
1.654628,0.554117,0.202443,-0.333166,0.892204,0.174622,0.045778,0.059702,-0.016828,-0.106182,-0.049451,-0.086927,
1.691912,0.418020,0.299057,-0.336757,0.936605,0.136342,-0.077757,0.099263,-0.069341,-0.076724,-0.064799,-0.117802,
1.772361,0.290642,0.338662,-0.276399,0.903764,0.155291,-0.161412,0.105473,-0.081214,-0.147000,-0.066444,-0.115150,
1.837836,0.222086,0.333314,-0.235524,0.864683,0.100076,-0.187591,0.114097,-0.094666,-0.175537,-0.072355,-0.057297,
1.587293,0.348587,0.324449,-0.271277,0.891231,0.030198,-0.077575,0.148396,-0.160158,-0.150431,-0.106644,-0.075386,
1.581657,0.379715,0.325673,-0.243268,0.888514,0.040262,-0.056784,0.154566,-0.168177,-0.174246,-0.092042,-0.060906,
1.757502,0.326464,0.388463,-0.120403,0.833534,0.018600,-0.176405,0.165690,-0.101751,-0.181488,-0.062983,-0.074256,
1.739494,0.229439,0.534219,-0.122660,0.725671,0.020677,-0.165931,0.153663,-0.076301,-0.191030,-0.095767,-0.038899,
1.826419,0.184632,0.615928,-0.174459,0.659245,0.062341,-0.106118,0.193491,-0.127268,-0.217388,-0.091151,-0.001973,
2.005103,0.329816,0.497055,-0.191808,0.688533,0.054290,-0.110310,0.212734,-0.190367,-0.220978,-0.024475,-0.000353,
1.917137,0.472594,0.419283,-0.227780,0.792256,-0.044971,-0.061601,0.179844,-0.178045,-0.205906,-0.073378,0.058320,
1.859628,0.477832,0.379684,-0.154969,0.777458,-0.112693,0.026246,0.184808,-0.136455,-0.202276,-0.143108,0.109757,
1.789514,0.462025,0.418670,-0.102998,0.588612,-0.023256,0.065682,0.120638,-0.052876,-0.212149,-0.055328,0.109461,
1.750394,0.540179,0.533329,-0.187815,0.511359,0.025326,0.024429,0.111216,-0.061563,-0.151911,0.053759,0.087518,
1.699896,0.519696,0.739310,-0.129216,0.455548,-0.002771,0.027571,0.156311,-0.095589,-0.060418,0.099994,0.074596,
1.633965,0.349299,0.861626,-0.036202,0.433799,0.011983,0.043454,0.126118,-0.043060,0.067681,0.017727,0.049025,
1.406876,0.049572,0.864055,0.139507,0.524911,0.047235,0.069562,0.134464,0.037328,0.176707,0.012270,0.056599,
1.391340,0.046811,0.756225,0.199627,0.484155,0.072764,0.186130,0.129011,0.056404,0.189439,0.043319,0.074537,
1.434283,0.091501,0.700784,0.002691,0.435073,0.181614,0.232113,0.180641,0.090365,0.192651,0.065133,0.082253,
1.411521,0.076930,0.820774,-0.030624,0.384908,0.164370,0.152802,0.229605,-0.003019,0.150285,0.135745,0.016835,
1.458070,0.082086,0.920546,0.035545,0.296432,0.123625,0.138149,0.221920,-0.064413,0.155256,0.088628,-0.067743,
1.465199,0.017970,0.825746,0.052582,0.315242,0.094229,0.198983,0.128468,-0.084293,0.159169,0.019586,-0.014306,
1.361222,0.005776,0.704298,0.188277,0.416984,0.056114,0.203414,0.065453,0.040769,0.091422,-0.028740,0.110450,
1.252767,-0.055905,0.559101,0.170860,0.412425,0.068018,0.327852,0.046349,0.158533,0.061099,-0.056288,0.200015,
1.224188,-0.080725,0.653478,0.055253,0.397073,0.063140,0.255137,0.118013,0.090973,0.109753,0.032440,0.158507,
1.309121,-0.073526,0.785550,0.023872,0.326958,0.071876,0.170520,0.038662,-0.020337,0.135143,0.118849,0.116293,
1.239972,-0.070393,0.711805,0.063095,0.451829,0.147948,0.038552,0.032601,0.054512,0.063620,0.142325,0.107261,
1.187249,-0.126375,0.658719,0.114200,0.501636,0.136667,-0.018626,0.104174,0.085994,0.090273,0.233267,0.058192,
1.334746,-0.174418,0.661463,0.109765,0.352897,0.170807,0.124168,0.095342,-0.030376,0.050082,0.199119,0.091209,
1.333509,-0.103827,0.737629,0.065668,0.209376,0.223423,0.198246,0.103462,-0.099478,-0.026667,0.169301,0.070795,
1.250273,-0.110124,0.591574,0.056529,0.332063,0.114420,0.149486,0.132105,0.039192,-0.048392,0.033765,0.134749,
1.267930,-0.125091,0.554016,0.041972,0.336459,-0.017027,0.225362,0.106595,0.009518,0.010703,-0.031731,0.162121,
1.202738,-0.110089,0.659790,-0.060918,0.314895,-0.012990,0.185704,0.120940,0.039436,0.049406,0.017373,0.145815,
1.158863,-0.220103,0.733146,0.012435,0.366594,0.130138,0.132024,0.178988,0.174400,0.063394,0.046841,0.120449,
1.246633,-0.265816,0.691494,0.140395,0.358253,0.174236,0.053661,0.112591,0.098102,0.019151,0.050985,0.067726,
1.204950,-0.321562,0.613660,-0.044468,0.416978,0.070218,-0.062247,0.153260,0.004655,-0.035845,0.074223,0.044581,
1.150692,-0.372105,0.600679,-0.042152,0.360913,-0.032431,0.046705,0.076380,-0.074178,0.093678,0.005719,0.060474,
1.220930,-0.184162,0.618214,0.010184,0.355883,-0.050644,0.099398,0.080915,-0.077913,0.129480,-0.059379,0.014512,
1.372706,-0.122169,0.502081,-0.272390,0.214312,-0.122381,0.080514,0.062270,-0.118738,0.079453,-0.045196,0.060350,
1.307768,-0.064318,0.454547,-0.344712,0.096329,-0.161416,0.067460,-0.063606,-0.177219,0.014344,-0.010417,0.061724,
