0.026434,-0.153527,0.459712,-0.213773,0.269796,-0.091753,0.187836,-0.045278,-0.168587,-0.027604,-0.016056,-0.107438,
-0.012812,-0.174319,0.546028,-0.133770,0.233055,-0.108285,0.212687,0.062115,-0.177155,-0.096603,0.033355,-0.057271,
-0.091272,-0.283290,0.647630,-0.026561,0.218406,-0.157276,0.246291,0.017747,-0.109857,-0.031030,-0.000578,0.009232,
-0.183885,-0.349746,0.678662,-0.156395,0.233831,-0.253534,0.209530,-0.002551,-0.220348,0.102910,-0.111854,-0.123260,
-0.359978,-0.437344,0.664373,-0.242614,0.112056,-0.221475,0.156300,-0.006700,-0.163832,0.112742,-0.122716,-0.085180,
-0.419927,-0.499982,0.639904,-0.153951,-0.100141,-0.265888,0.164659,0.097920,-0.196177,0.111698,0.006486,-0.039010,
-0.442529,-0.516207,0.588189,-0.141325,0.004594,-0.217157,0.288791,0.084944,-0.214295,0.020348,-0.017211,-0.048209,
-0.394086,-0.446321,0.621382,-0.251982,-0.120302,-0.229044,0.326314,0.066275,-0.097718,-0.006009,-0.091850,-0.038882,
-0.511013,-0.384778,0.453823,-0.417481,-0.070823,-0.207686,0.288962,0.045541,-0.006432,0.096303,-0.083582,0.007534,
-0.525841,-0.414602,0.632809,-0.444893,-0.054084,-0.161113,0.167672,-0.044834,-0.118769,0.044132,-0.068748,-0.030219,
-0.510032,-0.431307,0.755636,-0.363662,-0.127634,-0.132881,0.178424,-0.070456,-0.198171,-0.077916,-0.058063,-0.088812,
-0.663422,-0.398421,0.756059,-0.178985,-0.124307,-0.110036,0.274185,-0.039492,-0.130433,-0.112447,-0.108925,-0.067246,
-0.818767,-0.426788,0.753763,-0.222112,-0.061791,-0.046252,0.314355,-0.085860,-0.105737,-0.020994,-0.078361,-0.034699,
-0.777054,-0.443150,0.658679,-0.361021,0.005226,-0.013448,0.276889,-0.152527,-0.177079,0.044514,-0.065572,-0.023857,
-0.776838,-0.461336,0.693542,-0.317193,0.086973,-0.061496,0.233028,-0.061079,-0.196757,0.020265,-0.049312,-0.031893,
-0.720708,-0.502529,0.712516,-0.348742,0.027929,-0.098807,0.259901,-0.067817,-0.067608,0.055921,-0.066304,0.054714,
-0.590827,-0.534311,0.711997,-0.394302,-0.048999,-0.124984,0.275868,-0.003524,0.004205,0.082286,-0.060217,0.067001,
-0.801742,-0.450659,0.727752,-0.363042,-0.095434,-0.149128,0.259620,0.013872,0.008966,0.186370,-0.063817,0.010882,
-0.901257,-0.344740,0.761504,-0.251713,-0.082307,-0.204370,0.283814,-0.031050,-0.128510,0.129913,-0.120751,-0.017517,
-0.787957,-0.314686,0.799751,-0.383414,-0.121652,-0.217523,0.277856,-0.003911,-0.098609,0.092056,-0.139968,0.018239,
-0.638626,-0.439147,0.725795,-0.476090,-0.039180,-0.147218,0.195323,-0.074558,-0.072356,0.082981,-0.136037,0.033122,
-0.683931,-0.515775,0.726171,-0.389422,-0.007266,-0.141952,0.110824,-0.156291,-0.164531,-0.000513,-0.126478,0.009714,
-0.720685,-0.679849,0.591209,-0.302097,-0.102407,-0.069214,0.109489,-0.220175,-0.186833,0.062799,-0.084408,0.008240,
-0.676241,-0.731187,0.539519,-0.309908,0.013498,-0.046732,0.159214,-0.116396,-0.201764,0.056549,-0.046616,-0.014817,
-0.632400,-0.599635,0.443237,-0.461917,0.079083,-0.126987,0.225679,0.033868,-0.194003,0.049815,-0.018008,-0.014378,
-0.494765,-0.552024,0.511407,-0.541498,0.082593,-0.083412,0.211900,-0.050661,-0.200511,0.152490,-0.036849,-0.021232,
-0.439397,-0.551307,0.595588,-0.390533,0.071983,0.001027,0.186634,-0.216378,-0.244732,0.122314,-0.033493,-0.022274,
-0.273370,-0.497208,0.678877,-0.330261,0.044683,-0.001087,0.194413,-0.218415,-0.212329,0.031926,-0.084263,0.046477,
-0.125552,-0.541952,0.616102,-0.306440,-0.092728,-0.084378,0.217595,0.002221,-0.052890,-0.004139,-0.083894,0.043612,
-0.145864,-0.505707,0.534110,-0.390603,-0.054914,-0.291357,0.230110,0.067058,0.049686,0.081083,-0.144033,-0.028332,
-0.095729,-0.549940,0.689507,-0.322395,0.004080,-0.242042,0.204770,0.058686,-0.030547,0.015822,-0.240025,-0.106751,
0.120521,-0.637553,0.686269,-0.283424,-0.008020,-0.094323,0.118028,0.092154,0.005455,-0.033625,-0.231105,-0.093042,
-0.010886,-0.817097,0.446581,-0.173593,0.143604,-0.101327,0.134868,0.114668,0.024084,0.131400,-0.054005,-0.067991,
-0.089092,-0.834823,0.364679,-0.037758,0.128044,-0.086756,0.271760,0.170720,0.161893,0.166882,-0.075524,-0.086074,
0.432643,-0.494823,0.532315,0.061880,0.238740,0.088968,0.390581,0.250310,0.254035,0.131004,-0.086704,-0.118165,
1.303312,-0.194552,0.481421,-0.209767,0.607662,0.421029,0.258821,0.253623,-0.047647,0.030228,0.084368,0.093100,
1.676939,-0.042025,0.327849,-0.439974,0.751694,0.373648,0.122212,0.305673,-0.059602,-0.016873,0.082226,0.045478,
1.619254,0.228873,0.174514,-0.515920,0.816427,0.273359,0.156947,0.257481,-0.076436,0.058997,0.052818,-0.009828,
1.639418,0.223057,0.176869,-0.558084,0.805309,0.283320,0.155009,0.247657,-0.043448,0.058352,0.020740,-0.027451,
1.640730,0.224747,0.150174,-0.596511,0.776068,0.328062,0.181628,0.233004,-0.019000,0.026510,0.015120,-0.019859,
1.529908,0.303220,0.070395,-0.612111,0.793582,0.342967,0.185302,0.217986,0.011825,-0.026323,0.077105,-0.047504,
1.574095,0.232349,0.079897,-0.658012,0.821687,0.328019,0.177007,0.245386,0.006190,-0.017225,0.062276,-0.035948,
1.662393,0.201612,0.081203,-0.695087,0.845711,0.322322,0.179817,0.246108,-0.002242,0.005681,0.027015,-0.008989,
1.661225,0.247631,-0.017265,-0.647213,0.867119,0.317417,0.191035,0.205780,0.031063,-0.030320,0.046518,-0.019790,
1.633263,0.205939,-0.001762,-0.638578,0.872884,0.320166,0.181510,0.225345,-0.001085,-0.024124,0.044126,-0.027423,
1.731579,0.099857,0.041063,-0.676710,0.890591,0.304198,0.143378,0.298089,-0.040385,0.028664,0.009697,-0.049603,
1.739531,0.080939,0.025828,-0.637835,0.874639,0.309843,0.135300,0.267573,-0.006282,0.026946,0.007860,-0.044136,
1.782695,0.100956,0.032371,-0.676234,0.871933,0.336286,0.120623,0.273263,-0.015028,0.022099,0.029798,-0.058111,
1.740839,0.188856,0.058920,-0.715536,0.855973,0.330733,0.143028,0.311692,-0.053870,0.017460,0.052886,-0.082216,
1.626303,0.287994,0.132011,-0.709674,0.800539,0.287670,0.168058,0.320794,-0.040138,0.023891,0.044516,-0.082890,
1.649436,0.324797,0.240069,-0.743950,0.782629,0.285131,0.112510,0.342617,-0.002148,0.030543,0.052449,-0.099994,
1.626020,0.376844,0.349049,-0.766171,0.767493,0.262946,0.079265,0.377190,0.022361,0.062229,0.054492,-0.111679,
1.579070,0.393447,0.448799,-0.798718,0.629178,0.254937,0.155206,0.425202,0.050935,0.020809,0.041856,-0.027123,
1.508307,0.332794,0.514054,-0.782068,0.509567,0.267028,0.265175,0.429599,0.076879,-0.013651,0.032676,0.077386,
1.431673,0.097197,0.646122,-0.482193,0.453341,0.340808,0.228453,0.360501,0.091248,0.005146,0.129402,0.119952,
1.472075,0.015277,0.615400,-0.131555,0.420146,0.270820,0.232911,0.255768,0.069087,0.123597,0.138645,0.079155,
1.413381,-0.051833,0.636361,-0.254442,0.400846,0.334324,0.177470,0.170049,0.116742,0.119428,0.126174,0.124448,
1.318870,-0.038747,0.364553,-0.468052,0.458825,0.313354,0.083099,0.008930,0.064389,0.096212,0.002005,0.126907,
1.278418,-0.023061,0.257531,-0.454351,0.617070,0.272040,0.074973,-0.001726,0.092240,0.109167,-0.035144,0.073009,
1.498272,-0.067324,0.205606,-0.450178,0.795358,0.210873,0.063730,0.166761,0.031036,0.065368,0.006421,0.050248,
1.780085,0.036114,0.117057,-0.611483,0.847134,0.191263,-0.006453,0.242084,0.000862,0.078192,0.046623,-0.020721,
1.974212,0.252544,-0.011173,-0.715372,0.910068,0.220379,0.021912,0.140396,-0.043545,0.079928,0.067629,0.004768,
2.034632,0.288000,-0.023088,-0.725336,0.936789,0.225859,0.004035,0.096806,-0.081567,0.068974,0.072527,0.017959,
2.068984,0.253172,0.051315,-0.687010,0.942688,0.212645,-0.080458,0.128138,-0.108726,0.087621,0.094795,-0.022387,
2.109992,0.282875,0.018580,-0.699689,0.899104,0.197241,-0.089371,0.082924,-0.092445,0.078970,0.096470,-0.016739,
2.098358,0.350089,-0.046628,-0.665079,0.844680,0.160851,-0.088740,0.015900,-0.059109,0.041306,0.102416,-0.016820,
2.025388,0.397705,0.018268,-0.579062,0.824729,0.080216,-0.138444,0.024855,-0.056173,0.016293,0.085702,-0.045055,
2.069194,0.347343,0.195636,-0.681937,0.931062,0.017819,-0.220815,0.125585,-0.231447,0.153023,0.037489,-0.118952,
2.078390,0.300788,0.228441,-0.617834,0.897663,-0.039075,-0.277775,0.115063,-0.235035,0.157301,0.005923,-0.145268,
2.037367,0.245346,0.231374,-0.544941,0.791912,-0.075572,-0.305823,0.129309,-0.164121,0.077061,0.019460,-0.121743,
2.195778,0.270860,0.245069,-0.535326,0.743894,-0.029494,-0.288060,0.100801,-0.181140,0.035405,-0.018434,-0.121954,
2.232990,0.381825,0.175691,-0.484041,0.750240,-0.058976,-0.213263,0.008874,-0.202344,0.064319,-0.088808,-0.094579,
2.131127,0.472851,0.208627,-0.515289,0.835713,-0.115355,-0.249580,-0.034717,-0.176686,0.073859,-0.111245,-0.096284,
2.044281,0.606244,0.153224,-0.414686,0.842987,-0.189252,-0.192620,-0.077740,-0.189397,0.075667,-0.149263,-0.090413,
1.999602,0.546600,0.281682,-0.384576,0.837310,-0.176517,-0.260207,-0.038929,-0.196263,0.012247,-0.130972,-0.111167,
1.999409,0.519161,0.304533,-0.397832,0.872879,-0.131477,-0.299955,-0.034051,-0.189788,-0.037290,-0.097135,-0.123756,
1.934722,0.494700,0.341804,-0.331283,0.829373,-0.167504,-0.282438,-0.046129,-0.197019,-0.069717,-0.117858,-0.083143,
1.930176,0.475538,0.411394,-0.283119,0.797084,-0.173152,-0.286906,-0.013339,-0.231834,-0.115732,-0.120952,-0.080209,
2.134844,0.481073,0.365550,-0.185837,0.754891,-0.138400,-0.298395,-0.060422,-0.198997,-0.003081,-0.131728,-0.132145,
2.070746,0.468984,0.447714,-0.238808,0.793396,-0.063534,-0.353949,-0.028009,-0.174382,-0.070944,-0.070234,-0.156678,
2.028032,0.454565,0.542689,-0.240824,0.888691,0.047593,-0.340750,0.021642,-0.195104,-0.084054,-0.000612,-0.161974,
2.072999,0.448076,0.635608,-0.093039,0.797353,0.030208,-0.324046,0.061970,-0.162237,-0.107742,0.011055,-0.118884,
2.059976,0.386835,0.665582,0.011594,0.695625,-0.032564,-0.311320,0.064093,-0.084811,-0.065348,0.002242,-0.063032,
2.123192,0.313669,0.624409,0.096657,0.666649,-0.040493,-0.196560,-0.021786,-0.021175,0.025092,-0.041741,0.041749,
1.974340,0.438657,0.575574,0.098692,0.619268,-0.077417,-0.209622,0.008004,-0.039930,0.005113,0.033049,0.035775,
1.754054,0.396888,0.630904,0.106494,0.525769,-0.010706,-0.014032,0.079112,-0.011389,0.057390,0.090122,0.097856,
1.797187,0.259646,0.693643,0.084694,0.517917,0.096719,0.056355,0.059625,0.056956,0.110927,0.011016,0.084471,
1.756974,0.282027,0.680244,0.237294,0.408569,0.118943,0.069906,0.078789,0.046514,0.005109,0.029708,0.060812,
1.730444,0.177820,0.785871,0.118560,0.400009,0.105611,0.051870,0.092960,0.012186,-0.014487,-0.028785,0.045725,
1.770627,0.270039,0.806946,0.047862,0.352858,0.135334,-0.023437,0.061216,0.013450,-0.033740,-0.004806,0.029578,
1.821405,0.278316,0.801652,0.017805,0.437402,0.137602,-0.094531,0.006639,-0.003462,-0.069007,-0.061508,0.002560,
1.748182,0.240767,0.703746,0.161205,0.488130,0.053933,-0.034101,0.046135,-0.005263,-0.079240,-0.144737,-0.033582,
1.789248,0.284579,0.673208,0.077899,0.453151,-0.001920,-0.081039,0.013138,0.037652,-0.038593,-0.173835,-0.043717,
1.907849,0.172884,0.709731,-0.075837,0.361604,0.141233,-0.159016,-0.037285,0.030461,-0.003531,-0.052374,-0.021293,
1.834190,0.074481,0.722243,-0.113666,0.275428,0.134389,-0.156615,-0.065000,0.045799,0.013405,-0.074874,-0.001814,
1.810524,0.045773,0.685720,-0.002299,0.301628,0.142824,-0.068563,-0.015694,0.131118,0.017485,-0.142693,-0.006831,
1.815563,0.020574,0.671232,0.136815,0.327169,0.143375,-0.044578,0.031224,0.137313,-0.012858,-0.212769,-0.079605,
1.752254,-0.135196,0.656389,0.295907,0.290784,0.151965,-0.028867,0.051362,0.079739,-0.018481,-0.089498,-0.044529,
1.763070,-0.184826,0.576679,0.196344,0.168800,0.132901,-0.008189,0.049112,0.178505,0.113250,0.000691,0.010541,
1.767614,-0.117954,0.553837,0.057755,0.112963,0.006659,0.074535,0.180301,0.118568,0.031582,-0.035557,-0.008521,
1.837951,-0.128815,0.507394,0.111410,0.177279,-0.048885,0.065353,0.154935,-0.059474,-0.003824,0.005239,-0.068578,
1.724528,-0.025131,0.504631,0.144138,0.187340,-0.039851,-0.040921,-0.039533,0.024751,0.064059,-0.112060,-0.106615,
1.811153,0.025395,0.631213,0.077179,0.114689,0.071468,-0.109157,0.005963,0.142515,0.146997,-0.180358,-0.216808,
1.805528,0.000699,0.603524,0.020186,0.135373,0.093562,-0.065685,-0.090359,0.072028,0.143194,-0.173117,-0.196797,
1.620274,-0.073106,0.558154,0.114840,0.222558,-0.002123,-0.074974,-0.063280,0.075885,0.069674,-0.031396,-0.014143,
1.569578,-0.128435,0.491108,0.055972,0.258621,0.114819,-0.099105,0.043804,0.074295,0.038770,-0.004610,-0.055582,
1.653017,-0.228914,0.378683,0.020793,0.213499,0.142253,-0.007602,0.033651,0.061853,0.095443,-0.052745,-0.101544,
1.659164,-0.362846,0.369403,0.024263,0.107240,0.161493,0.028273,0.001291,0.082152,0.114511,0.010514,-0.060707,
