1.176047,-0.158223,0.627188,0.007554,0.361210,0.054301,0.189355,0.186528,0.147718,0.030729,0.129211,0.205749,
1.277217,-0.092388,0.582362,-0.131190,0.493397,0.137472,0.179996,0.241719,0.106987,0.055825,0.095225,0.167989,
1.448026,-0.036315,0.493240,-0.168658,0.604035,0.138274,0.098221,0.178840,0.172590,0.127186,0.015279,0.148842,
1.467082,-0.005580,0.584149,-0.008272,0.551415,0.156851,0.133628,0.072907,0.189514,0.163769,0.008014,0.165108,
1.437797,-0.060557,0.663764,-0.009688,0.469112,0.179350,0.141957,0.196214,0.148602,0.094428,0.010244,0.111528,
1.517674,0.010564,0.688177,0.022129,0.445262,0.080375,0.134893,0.216035,0.133606,0.064880,-0.003125,0.128714,
1.468197,-0.050538,0.741500,-0.002281,0.485486,0.026395,0.040106,0.154340,0.134287,0.152887,0.028994,0.144829,
1.418607,-0.046961,0.702909,-0.020623,0.521839,0.143982,0.061388,0.105348,0.140776,0.150199,0.061881,0.143485,
1.387418,-0.024213,0.672605,0.004021,0.483545,0.123676,0.014044,0.047063,0.120228,0.143619,0.117974,0.134616,
1.200816,0.027846,0.730164,0.077421,0.486117,0.004157,0.012335,0.111636,0.173158,0.109656,0.122725,0.144323,
1.175595,0.085508,0.714548,-0.019960,0.407004,0.054530,0.064838,0.135032,0.164791,0.141604,0.122973,0.103577,
1.233397,0.122148,0.658783,-0.026314,0.393647,-0.010813,0.071818,0.128223,0.116886,0.108661,0.132691,0.126861,
1.244636,0.023355,0.782008,0.101209,0.427916,-0.106438,-0.001502,0.094093,0.064283,0.080892,0.082371,0.150099,
1.220217,-0.104189,0.881627,0.092454,0.514109,-0.152809,-0.103812,0.088636,0.037847,0.067689,-0.002961,0.163655,
1.324727,-0.044881,0.777441,-0.044352,0.478856,-0.052156,-0.049647,0.073320,0.059111,0.137726,0.026865,0.141203,
1.253914,-0.058541,0.752766,-0.055927,0.496696,0.088964,-0.039775,0.060942,0.170443,0.215437,-0.004501,0.081744,
1.269917,-0.000273,0.788198,-0.056892,0.473716,0.112265,-0.074199,0.111544,0.118123,0.174430,0.048885,0.032078,
1.277191,0.143500,0.860174,-0.056740,0.476018,0.092234,-0.082270,0.013214,0.019491,0.107230,0.119649,0.081007,
1.226913,0.177159,0.918856,0.017902,0.513037,0.012743,-0.091735,-0.058744,0.024990,0.084075,0.092921,0.112541,
1.390576,0.265448,0.935776,0.031867,0.553771,-0.009932,-0.094053,-0.054819,-0.110969,0.028783,0.122954,0.082770,
1.532444,0.272867,0.908422,0.075115,0.591055,0.033431,-0.127597,-0.092277,-0.037077,-0.007326,0.005589,0.078380,
1.546960,0.360477,0.929800,0.115778,0.623184,0.030716,-0.183894,-0.084532,-0.085443,0.031924,-0.010648,-0.042775,
1.776327,0.312312,0.887126,0.196258,0.732708,-0.058641,-0.231464,-0.065423,-0.122487,-0.013283,-0.068621,-0.045186,
1.947571,0.260349,0.881842,0.223016,0.751086,-0.096287,-0.241956,-0.135186,-0.054299,-0.030832,-0.205489,0.033738,
2.065932,0.304866,0.887734,0.066414,0.764702,0.028278,-0.258569,-0.171518,-0.079655,-0.059416,-0.199900,0.049408,
2.127950,0.377142,0.808335,0.024396,0.781882,0.113813,-0.330631,-0.122912,-0.076358,-0.182924,-0.101536,-0.015536,
2.159403,0.372383,0.709615,0.008732,0.870759,0.094614,-0.394374,-0.091618,-0.102007,-0.172286,-0.078207,-0.091237,
2.166234,0.406174,0.558625,0.060862,0.865484,0.071843,-0.386021,-0.094121,-0.092467,-0.140556,-0.080353,-0.150351,
1.973396,0.507082,0.510126,0.200350,0.774108,-0.007366,-0.358931,-0.054310,-0.103166,-0.103066,-0.066179,-0.185837,
2.240142,0.224328,0.750784,0.008035,0.866456,0.046016,-0.441292,-0.019127,-0.165087,-0.084313,-0.099652,-0.198133,
2.305104,0.073513,0.888866,-0.063616,0.813633,0.149271,-0.519358,-0.028935,-0.142669,-0.098351,-0.065896,-0.226031,
2.195063,0.239454,0.740043,0.015841,0.766787,0.085834,-0.452157,-0.094667,-0.108630,-0.088343,-0.074403,-0.194123,
2.072271,0.425906,0.579469,0.095297,0.724096,0.058777,-0.452726,-0.137478,-0.089877,-0.129681,-0.049393,-0.208759,
2.437957,0.101083,0.869412,-0.201018,0.892181,0.216696,-0.631592,-0.070028,-0.199311,-0.154126,-0.049826,-0.273695,
2.409483,0.164994,0.790801,-0.178579,0.895399,0.179609,-0.601518,-0.088765,-0.201279,-0.134551,-0.046360,-0.270598,
2.411301,0.251974,0.656799,-0.132878,0.919023,0.091365,-0.553843,-0.092670,-0.264088,-0.086836,-0.058304,-0.304746,
2.479148,0.185670,0.690164,-0.157372,0.886911,0.142682,-0.539473,-0.136241,-0.252935,-0.112471,-0.092789,-0.249037,
2.593459,0.108868,0.771010,-0.284176,0.889655,0.297213,-0.628172,-0.171783,-0.225964,-0.207213,-0.092603,-0.233627,
2.134473,0.343476,0.595378,-0.015803,0.719936,0.070021,-0.540701,-0.230010,-0.064579,-0.170857,-0.083223,-0.194930,
2.393375,-0.010515,0.928777,-0.062763,0.696705,0.130909,-0.636948,-0.189502,-0.141012,-0.106255,-0.125015,-0.274865,
2.525971,-0.065810,0.968471,-0.067774,0.656358,0.163399,-0.635971,-0.226428,-0.148515,-0.101773,-0.168891,-0.288494,
2.566210,-0.007014,0.932639,-0.106146,0.632844,0.184523,-0.600655,-0.236986,-0.152840,-0.130245,-0.164868,-0.239035,
2.044684,0.353597,0.832247,0.114527,0.402984,0.106918,-0.487977,-0.294500,-0.120404,-0.135025,-0.078168,-0.182785,
2.354088,0.169233,0.938186,-0.038437,0.519621,0.106423,-0.536744,-0.260477,-0.144677,-0.156056,-0.136542,-0.175602,
2.420347,0.253941,0.808777,0.019951,0.541493,0.070035,-0.541753,-0.263668,-0.118345,-0.165883,-0.139825,-0.190495,
2.172470,0.293902,0.820537,0.056667,0.552891,-0.043150,-0.498605,-0.259536,-0.190409,-0.021318,-0.127096,-0.254884,
2.461963,0.103986,0.879003,-0.193919,0.634783,0.083165,-0.561723,-0.261548,-0.206519,-0.043820,-0.197417,-0.203083,
2.458158,0.196964,0.805852,-0.343649,0.669152,0.084743,-0.564176,-0.215823,-0.225692,-0.114493,-0.187601,-0.144905,
2.201369,0.443777,0.770786,-0.288875,0.662739,-0.046492,-0.497688,-0.184385,-0.237401,-0.084630,-0.126287,-0.154058,
2.419010,0.318174,0.788315,-0.364968,0.644688,-0.014412,-0.528695,-0.146325,-0.236932,-0.131152,-0.199256,-0.150163,
2.271433,0.345040,0.753376,-0.142941,0.562925,-0.159779,-0.499924,-0.166282,-0.143855,-0.054477,-0.205722,-0.159278,
2.318099,0.325940,0.836711,-0.221511,0.552860,-0.180175,-0.565195,-0.122336,-0.089311,-0.066947,-0.246197,-0.132043,
2.157399,0.457518,0.779779,-0.231843,0.572241,-0.293494,-0.548772,-0.105008,-0.081205,-0.034012,-0.226813,-0.104927,
2.140814,0.534685,0.706470,-0.299275,0.646226,-0.304029,-0.521205,-0.051796,-0.110026,-0.020100,-0.197852,-0.133000,
2.203767,0.558302,0.561543,-0.285078,0.675313,-0.278695,-0.411498,-0.079696,-0.138524,0.014906,-0.208453,-0.118288,
2.184506,0.570786,0.526805,-0.245040,0.669751,-0.294528,-0.341300,-0.096741,-0.103595,0.011949,-0.246690,-0.072147,
2.103674,0.546152,0.491083,-0.227676,0.677111,-0.272156,-0.304460,-0.100796,-0.058206,-0.012131,-0.228806,-0.034235,
1.963985,0.520265,0.483124,-0.306994,0.731593,-0.221561,-0.340194,0.026808,-0.105548,-0.089201,-0.119374,-0.085626,
1.995254,0.416744,0.513624,-0.318084,0.758783,-0.168182,-0.358874,0.077538,-0.122793,-0.095524,-0.112062,-0.097210,
1.979069,0.381463,0.488862,-0.304077,0.769890,-0.166501,-0.321681,0.092059,-0.087710,-0.032158,-0.134896,-0.094818,
1.871184,0.366256,0.533483,-0.195640,0.639870,-0.150304,-0.144668,0.085235,-0.110088,0.026470,-0.151211,-0.057745,
1.817357,0.414355,0.489214,-0.181526,0.639648,-0.133180,-0.121612,0.064267,-0.098767,0.061625,-0.122027,-0.066655,
1.676430,0.451328,0.459784,-0.202532,0.706861,-0.069179,-0.180627,0.085950,-0.068526,0.112440,-0.039047,-0.138358,
1.595283,0.588243,0.396824,-0.215359,0.811705,-0.151932,-0.135780,0.172674,-0.043166,0.079575,-0.067375,-0.148225,
1.619717,0.503258,0.349151,-0.219550,0.856134,-0.136955,-0.107719,0.194646,-0.058797,0.109594,-0.037756,-0.097364,
1.607230,0.352376,0.278415,-0.236353,0.918248,-0.065063,-0.063158,0.164241,-0.052254,0.214541,0.095759,0.021948,
1.537512,0.304060,0.420123,-0.152090,0.750437,-0.034376,0.000843,0.121277,-0.006390,0.175306,0.100916,0.084734,
1.648005,0.395485,0.444725,-0.044771,0.607350,0.027622,0.084877,0.002634,0.011010,0.159523,0.071344,0.117966,
1.739976,0.389948,0.654971,-0.060587,0.648547,0.137609,0.069315,0.037500,-0.036319,0.113657,0.009528,0.080680,
1.659230,0.333886,0.788896,-0.005439,0.624616,0.105112,-0.023153,0.228843,0.015876,0.050218,0.007495,-0.021879,
1.657384,0.165670,0.818690,0.047821,0.531492,0.059662,0.023880,0.164216,-0.001036,0.132376,-0.040604,-0.013291,
1.608415,0.249016,0.803845,0.032794,0.528988,0.085465,0.063497,0.056337,-0.082051,0.151422,-0.037747,-0.010563,
1.478697,0.333277,0.691981,0.103954,0.680168,0.050539,-0.030693,0.036110,-0.084244,0.035776,-0.013648,-0.019501,
1.544537,0.269509,0.646559,0.114453,0.636504,-0.051057,-0.029703,0.033346,-0.119336,0.043537,-0.038162,-0.004009,
1.643705,0.143701,0.587362,0.035601,0.506750,-0.114040,-0.102662,-0.041748,-0.021845,-0.054453,-0.081303,0.079139,
1.639897,0.038669,0.674168,0.030733,0.421865,-0.041717,-0.039286,-0.000644,0.079226,-0.108170,-0.141377,0.164465,
1.607462,-0.024511,0.673099,-0.091400,0.434152,0.026312,-0.027611,0.097145,-0.009330,-0.058448,-0.057522,0.119863,
1.550951,-0.024031,0.682032,-0.103790,0.446461,0.122954,0.017962,0.079316,-0.048710,0.014910,0.001495,0.076288,
1.565230,-0.039498,0.587019,-0.161279,0.466406,0.144570,-0.019860,0.172947,-0.041848,0.047334,0.124102,0.011099,
1.525768,-0.026974,0.606126,-0.088686,0.423219,0.126999,-0.055828,0.097048,-0.093403,0.036779,0.123125,-0.029757,
1.626915,-0.079768,0.730489,-0.089834,0.200499,0.009176,-0.002064,-0.024511,-0.155389,0.104192,-0.040669,-0.089996,
1.595596,-0.033442,0.898688,-0.044187,0.127697,0.023537,-0.035322,-0.045543,-0.112073,-0.004802,-0.052090,-0.021579,
1.429933,0.133299,0.922950,0.020642,0.168676,0.006320,-0.038171,0.002068,-0.036952,-0.048998,-0.085923,-0.016093,
1.462289,0.159475,0.758279,-0.083923,0.375102,0.061572,-0.080624,0.014640,-0.063691,0.041694,0.013755,-0.041441,
1.397720,-0.001862,0.814974,-0.139478,0.447761,0.042398,-0.159513,-0.011109,-0.006671,0.061180,0.075388,0.040112,
1.458836,-0.056192,0.814440,-0.114894,0.332995,0.053413,-0.128841,0.039887,-0.001619,0.060713,0.110786,0.028110,
1.550584,-0.067896,0.629394,-0.199021,0.278692,0.120749,-0.103678,0.017155,-0.082526,0.001929,0.099647,0.006067,
1.460780,-0.079223,0.595079,-0.164528,0.360116,0.173525,-0.022632,-0.035940,-0.149573,0.009495,0.025519,-0.014332,
1.289500,-0.058442,0.700213,-0.060079,0.375789,0.159984,0.069788,-0.017243,-0.231206,0.104664,0.064550,-0.075834,
1.293946,0.041797,0.766570,-0.157329,0.280982,0.061613,-0.041843,0.005840,-0.139160,0.115888,0.079239,-0.056936,
1.354573,-0.000523,0.585095,-0.331590,0.355126,-0.025419,-0.078582,0.195888,-0.067849,0.092260,0.131328,-0.019507,
1.243245,-0.011841,0.534119,-0.340812,0.320730,-0.124836,-0.031575,0.284058,-0.058662,0.039926,0.134431,-0.002916,
1.186076,-0.075998,0.577793,-0.198239,0.283263,-0.032696,0.039196,0.144923,-0.070665,0.005495,-0.011371,-0.044021,
1.030958,-0.259629,0.443929,-0.109056,0.399456,-0.070515,0.067589,0.055282,0.008893,-0.037987,-0.168728,-0.019472,
0.309490,-0.511512,0.533196,-0.099159,0.452400,-0.222284,0.042097,0.171477,-0.044551,-0.101399,-0.236149,-0.109004,
-0.050823,-0.641410,0.552913,0.055591,0.548171,-0.280566,-0.046390,0.110763,-0.051390,-0.053593,-0.179369,-0.065751,
-0.184926,-0.628235,0.484469,0.234594,0.503184,-0.243734,-0.020328,0.037826,-0.003152,-0.064198,-0.085310,-0.048524,
-0.616920,-0.751404,0.538316,0.090768,0.437941,-0.121755,0.011809,-0.034910,-0.077016,0.053521,0.001660,-0.082322,
-0.797806,-0.882719,0.616247,0.098392,0.468072,-0.160831,-0.003200,-0.061277,-0.075314,0.094894,-0.049169,-0.123665,
-0.843354,-0.963119,0.532078,0.168338,0.614033,-0.194096,-0.058910,-0.074451,0.057642,0.034178,-0.122760,-0.103375,
-0.761507,-1.024807,0.362535,0.136647,0.573597,-0.253368,-0.020980,-0.030709,0.105048,0.013459,-0.118771,-0.022880,
-0.628282,-1.239554,0.249512,0.178909,0.488828,-0.269881,-0.028386,0.051952,0.129574,0.033658,-0.133087,-0.001335,
-0.566190,-1.364664,0.172007,0.056816,0.580387,-0.085312,-0.082748,-0.011846,0.139451,0.006117,-0.122489,0.046797,
-0.478891,-1.397936,0.100961,0.088861,0.621432,-0.086644,-0.128881,-0.150245,0.120752,-0.069149,-0.044434,0.137475,
-0.478113,-1.298007,-0.031147,-0.015499,0.569200,-0.151804,-0.110904,-0.098221,0.161618,-0.068860,-0.097844,0.119998,
-0.518404,-1.242575,-0.018049,-0.222185,0.512132,-0.107584,-0.034382,-0.065077,0.104846,-0.001986,-0.156424,0.099557,
-0.470204,-1.282384,0.006164,-0.248604,0.482034,-0.044784,0.004736,-0.082275,-0.058300,0.052077,-0.050899,0.066988,
-0.256405,-1.263764,-0.056170,-0.234746,0.463020,-0.010479,-0.061231,0.052407,-0.002045,-0.022798,-0.008868,0.038330,
-0.267252,-1.246402,0.027891,-0.228200,0.537714,0.054527,-0.101247,0.028722,0.057012,0.039091,-0.040157,0.053266,
-0.402165,-1.255690,0.114853,-0.194753,0.652705,0.183806,-0.170439,-0.073534,0.039445,0.141171,-0.012098,-0.039613,
-0.415770,-1.207614,0.016480,-0.129684,0.537755,0.028559,-0.147015,-0.044816,0.040334,0.121213,-0.027788,-0.060970,
-0.541234,-1.101025,-0.130361,-0.098028,0.583694,-0.018801,-0.100698,-0.053660,-0.010737,0.082665,0.046384,-0.080424,
-0.566408,-1.027765,-0.024799,-0.158089,0.575357,-0.055208,-0.135333,-0.017936,0.051180,0.089876,0.020744,-0.091037,
-0.335697,-0.938687,-0.023909,-0.325449,0.464515,0.042977,-0.069707,-0.040193,-0.015911,0.007771,0.073316,0.005295,
-0.002723,-0.786492,0.010285,-0.299967,0.444538,0.210829,0.019427,-0.061888,0.008550,0.032729,0.098359,0.006632,
-0.057470,-0.790410,0.117887,-0.223733,0.507733,0.238101,-0.070752,-0.041423,0.173134,0.075375,0.015595,-0.078247,
