1.155521,-0.073097,0.688373,0.005764,0.386300,0.216082,0.287627,0.129590,0.071362,0.273539,0.209171,0.074495,
1.251152,-0.088649,0.662803,0.087750,0.431945,0.253475,0.283117,0.040139,0.123142,0.291991,0.143126,0.117627,
1.503505,-0.221126,0.749966,0.024576,0.497367,0.217459,0.160168,0.105830,0.047264,0.272541,0.144192,0.116768,
1.498209,-0.155487,0.809029,-0.002689,0.496361,0.296227,0.124963,0.183994,0.042193,0.166405,0.202594,0.103473,
1.422731,-0.179015,0.859140,0.056341,0.377271,0.394676,0.234915,0.168427,0.050049,0.108241,0.216996,0.132263,
1.495266,0.017422,0.860609,0.094457,0.388994,0.300028,0.340374,0.028866,0.026675,0.150589,0.093368,0.197371,
1.548325,0.066590,0.890310,0.080922,0.514311,0.204056,0.330291,0.066648,-0.035035,0.153462,0.004570,0.203675,
1.502019,0.097216,0.927257,0.105628,0.595417,0.152582,0.188109,0.103581,-0.025755,0.171543,0.034255,0.137900,
1.624415,0.124508,0.993162,0.032231,0.472823,0.149064,0.220837,0.110630,-0.092305,0.156984,0.020328,0.106324,
1.445777,0.170727,0.973200,-0.020507,0.329151,0.256405,0.308708,0.065023,-0.080079,0.165769,0.038816,0.055561,
1.271814,0.090357,0.820390,0.180579,0.466329,0.235189,0.297618,0.108600,-0.000811,0.150046,0.026982,0.074391,
1.232175,0.151158,0.751062,0.189061,0.530061,0.224123,0.222515,0.049900,0.045476,0.087910,0.029362,0.110944,
1.316716,0.161651,0.785222,0.115320,0.439394,0.227870,0.147635,0.054489,0.092033,0.057053,0.082075,0.125389,
1.349586,0.129689,0.756607,0.046806,0.432713,0.067500,0.186320,0.144869,-0.069136,0.148673,0.082116,0.056782,
1.260331,0.189967,0.732994,0.020635,0.463206,0.000749,0.291542,0.155095,-0.136354,0.155074,0.097013,0.106793,
0.993231,0.198840,0.696664,0.109285,0.447309,0.033702,0.357816,0.100742,-0.052469,0.075917,0.073678,0.136206,
0.900406,0.244805,0.516641,0.146686,0.349086,0.105907,0.434635,0.132912,0.031446,0.107531,0.106431,0.091508,
0.997313,0.358786,0.372474,0.024248,0.378584,-0.020247,0.398127,0.277962,0.029523,0.196275,0.061624,0.058038,
0.960016,0.370692,0.430062,-0.097915,0.451109,-0.081786,0.381871,0.321561,0.052748,0.189874,0.142970,0.065666,
1.009901,0.336861,0.413191,-0.022384,0.522136,-0.087370,0.222634,0.310638,0.089489,0.089608,0.156128,0.078735,
0.981783,0.538661,0.485836,0.071383,0.471740,-0.094905,0.118069,0.217685,0.111706,-0.000904,0.100873,0.062477,
1.061947,0.553069,0.591194,0.033460,0.444129,-0.004323,0.239217,0.090719,-0.083179,0.049245,0.134520,0.068408,
0.978812,0.427774,0.645976,0.185369,0.546667,-0.039324,0.192442,0.107396,-0.032066,0.087110,0.064122,0.058979,
1.110545,0.476728,0.795801,0.271082,0.646455,-0.130834,0.037686,0.107998,0.001092,0.035510,0.017818,0.032564,
1.445253,0.561442,0.808107,0.295329,0.844917,-0.253173,-0.115256,0.035891,-0.062206,-0.056164,-0.105903,0.003790,
1.734074,0.449701,0.873929,0.341575,0.763651,-0.236192,-0.102099,-0.033055,-0.088370,-0.002137,-0.202034,0.024168,
1.934152,0.473632,0.782127,0.374933,0.800861,-0.248736,-0.117791,-0.042093,-0.070457,0.037353,-0.267442,-0.021907,
2.134588,0.396970,0.748447,0.095374,0.847594,-0.101470,-0.201943,0.043192,-0.128926,-0.087138,-0.231941,-0.019001,
2.248616,0.422439,0.708200,-0.121244,0.950975,-0.006785,-0.298047,0.111946,-0.197496,-0.212234,-0.220841,-0.078246,
2.116129,0.510540,0.556901,-0.002927,0.890917,0.004752,-0.345305,0.015960,-0.120009,-0.220138,-0.107630,-0.139836,
2.265390,0.371248,0.716483,-0.145650,0.984400,0.018612,-0.417480,0.054493,-0.214966,-0.185914,-0.179486,-0.151120,
2.300900,0.363322,0.750633,-0.230626,1.025981,0.035470,-0.467607,0.060601,-0.251635,-0.184693,-0.194275,-0.186936,
1.977636,0.527017,0.611859,0.051924,0.878778,-0.082177,-0.458033,-0.075838,-0.047264,-0.185467,-0.121949,-0.190213,
2.019317,0.481587,0.646376,-0.003736,0.940454,-0.102879,-0.492674,-0.074023,-0.089225,-0.154714,-0.151169,-0.197737,
2.193927,0.362195,0.655572,-0.097118,0.996891,-0.032515,-0.535394,-0.072870,-0.161954,-0.133402,-0.160498,-0.201066,
2.325597,0.266038,0.742402,-0.134834,0.923098,0.060538,-0.574768,-0.063559,-0.129681,-0.175802,-0.151831,-0.188443,
2.137970,0.438781,0.649407,-0.098035,0.868708,-0.040008,-0.517355,-0.089002,-0.086075,-0.163984,-0.136683,-0.191390,
2.296041,0.294469,0.840518,-0.305459,0.989206,0.034620,-0.634862,0.020880,-0.231911,-0.146021,-0.153736,-0.269705,
2.209761,0.358086,0.777856,-0.239407,0.939627,-0.045909,-0.607705,-0.023972,-0.188290,-0.107047,-0.159733,-0.264088,
2.206146,0.417478,0.681994,-0.199034,0.913734,-0.064340,-0.565054,-0.070212,-0.165165,-0.112084,-0.161927,-0.247305,
2.452701,0.284487,0.811527,-0.367603,0.898502,0.093368,-0.622795,0.024936,-0.217014,-0.226045,-0.168597,-0.270946,
2.412784,0.286617,0.780260,-0.376994,0.916231,0.064801,-0.626029,0.016576,-0.250526,-0.197919,-0.154074,-0.281095,
2.255240,0.376666,0.698961,-0.285399,0.879988,-0.058590,-0.567449,-0.051041,-0.222286,-0.119069,-0.165352,-0.239363,
2.286292,0.420828,0.686473,-0.216324,0.787448,-0.040246,-0.538318,-0.111630,-0.130198,-0.188353,-0.186928,-0.178442,
2.468169,0.256857,0.728376,-0.369082,0.886393,0.106387,-0.634413,-0.074249,-0.242973,-0.208481,-0.150676,-0.259636,
2.332171,0.316491,0.617264,-0.335921,0.917042,0.033401,-0.590719,-0.116637,-0.223599,-0.145327,-0.148952,-0.235066,
2.352712,0.396781,0.574598,-0.389969,0.941879,-0.013078,-0.516442,-0.087877,-0.282575,-0.120628,-0.204521,-0.229364,
2.334445,0.407510,0.582100,-0.380388,0.905230,-0.022054,-0.522498,-0.101645,-0.265107,-0.144631,-0.199670,-0.221697,
2.288379,0.435048,0.565823,-0.311074,0.838597,-0.022594,-0.534945,-0.156129,-0.180546,-0.181712,-0.171085,-0.199457,
2.172336,0.546892,0.390275,-0.196752,0.776279,-0.052140,-0.469135,-0.208507,-0.134596,-0.191349,-0.118465,-0.198998,
2.505194,0.365481,0.568599,-0.460369,0.903850,0.080780,-0.542477,-0.102939,-0.313398,-0.223924,-0.206048,-0.247004,
2.482765,0.327664,0.550111,-0.409927,0.855628,0.092111,-0.557864,-0.131586,-0.258212,-0.224561,-0.166517,-0.228318,
2.387471,0.400481,0.379312,-0.197758,0.725018,0.041593,-0.468543,-0.256881,-0.128519,-0.204912,-0.164883,-0.157737,
2.398581,0.467403,0.226933,-0.097215,0.708950,-0.011065,-0.430344,-0.280412,-0.155903,-0.155485,-0.164096,-0.186560,
2.529100,0.321076,0.316985,-0.209239,0.762937,0.009515,-0.480867,-0.247407,-0.227065,-0.126186,-0.170075,-0.194562,
2.372223,0.480539,0.145182,-0.093408,0.665735,0.054548,-0.529734,-0.229927,-0.165589,-0.193181,-0.079855,-0.234588,
2.715430,0.189140,0.460479,-0.366481,0.743074,0.146950,-0.590330,-0.181878,-0.264990,-0.235232,-0.116777,-0.241451,
2.544014,0.399704,0.202538,-0.165123,0.674676,0.094613,-0.547434,-0.233880,-0.186678,-0.194673,-0.069593,-0.234325,
2.712948,0.202882,0.279036,-0.191764,0.655489,0.081956,-0.565946,-0.206729,-0.186215,-0.165890,-0.080382,-0.224907,
2.466384,0.392566,0.105987,-0.107479,0.588534,0.080264,-0.602193,-0.222973,-0.144807,-0.186249,-0.038200,-0.213126,
2.638962,0.229553,0.308048,-0.241789,0.602147,0.096079,-0.652101,-0.194920,-0.138917,-0.218221,-0.009793,-0.206308,
2.514578,0.341719,0.169630,-0.141883,0.529579,0.078817,-0.654830,-0.196630,-0.108098,-0.198586,0.004259,-0.187981,
2.670362,0.119217,0.368850,-0.349657,0.612015,0.011432,-0.590186,-0.192448,-0.174366,-0.124579,-0.086463,-0.147817,
2.464439,0.256835,0.317519,-0.386620,0.671338,-0.056487,-0.569645,-0.194190,-0.165302,-0.091626,-0.070318,-0.124315,
2.429622,0.348297,0.252328,-0.356885,0.660359,-0.089991,-0.538559,-0.182492,-0.155511,-0.084754,-0.062807,-0.138587,
2.374636,0.383307,0.214953,-0.296954,0.666312,-0.109230,-0.478984,-0.204667,-0.150107,-0.067297,-0.080432,-0.114840,
2.286785,0.312786,0.187129,-0.281618,0.697093,-0.108822,-0.489664,-0.211907,-0.139173,-0.049535,-0.047212,-0.088860,
2.365748,0.239250,0.126804,-0.177774,0.645475,-0.142327,-0.481953,-0.196806,-0.117257,-0.009288,-0.060246,-0.082939,
2.591342,0.141617,0.059249,-0.096695,0.637180,-0.205678,-0.453397,-0.141568,-0.124150,0.069745,-0.078110,-0.081572,
2.338837,0.155443,0.204948,-0.170358,0.670634,-0.200649,-0.436702,-0.072106,-0.109227,0.037335,-0.072983,-0.044419,
2.291074,0.163655,0.131509,-0.133964,0.685716,-0.186721,-0.417747,-0.053931,-0.096505,0.056211,-0.031495,-0.035517,
2.240088,0.146672,0.086094,-0.188247,0.747536,-0.147128,-0.395529,-0.050596,-0.084753,0.114089,0.026970,-0.008793,
2.020787,0.199142,0.107084,-0.294908,0.846269,-0.121217,-0.393993,-0.001468,-0.079457,0.123768,0.101551,-0.026109,
2.063424,0.125628,0.097166,-0.282578,0.848202,-0.088420,-0.377996,0.044958,-0.082062,0.148404,0.118680,-0.030092,
2.244118,0.065545,-0.042875,-0.128797,0.781652,-0.079705,-0.256043,0.030996,-0.043177,0.191459,0.065653,0.022758,
2.179374,0.084759,-0.073065,-0.048724,0.753919,-0.104659,-0.156904,-0.032094,0.036131,0.197648,0.037877,0.090516,
2.070440,0.083395,0.009042,-0.102798,0.815840,-0.096760,-0.208763,0.032448,0.028701,0.234110,0.087708,0.070340,
1.942790,0.130459,0.085819,-0.154229,0.895454,-0.078472,-0.236099,0.066456,0.035623,0.275721,0.147158,0.058545,
1.963399,0.059897,0.253366,-0.079147,0.814415,-0.051156,-0.214477,0.053751,-0.040773,0.150365,0.089386,0.068283,
1.759647,0.346575,0.358645,0.208306,0.705634,0.031961,-0.081226,0.021682,-0.044820,-0.011586,-0.038411,-0.033704,
1.856714,0.397258,0.480785,0.093067,0.768479,0.083301,-0.034565,-0.034286,0.042983,-0.028576,-0.128551,-0.007786,
1.672502,0.416634,0.583265,0.048466,0.748925,0.109188,-0.019821,-0.084269,-0.030004,0.024018,-0.060940,0.020562,
1.695902,0.351755,0.614681,0.006138,0.698178,-0.000893,-0.053490,-0.046883,-0.146773,-0.029582,-0.081322,0.014518,
1.678500,0.335663,0.552224,-0.085870,0.566166,0.065892,-0.033434,-0.064214,-0.039819,-0.087538,-0.119042,0.022053,
1.625193,0.281331,0.550246,-0.159433,0.441045,0.003511,-0.138613,-0.169350,-0.058815,-0.052926,-0.071235,0.027288,
1.628915,0.113808,0.550612,-0.139189,0.470291,-0.165047,-0.207201,-0.164170,-0.096656,0.017747,-0.053470,0.071931,
1.655250,0.050524,0.561322,-0.155325,0.465486,-0.255695,-0.269166,0.002320,-0.098024,0.009378,-0.061960,0.023760,
1.692957,0.155022,0.638683,-0.071151,0.462187,-0.279776,-0.269798,0.157313,-0.016195,0.061166,-0.028419,0.004358,
1.702201,0.260760,0.622058,-0.128253,0.484007,-0.222871,-0.239234,0.186269,-0.081803,0.078469,0.047568,-0.033199,
1.638263,0.240390,0.647698,-0.080365,0.454922,-0.182019,-0.200264,0.086490,-0.084339,0.044865,0.064278,0.016820,
1.502258,0.236205,0.581517,-0.045713,0.527489,-0.213740,-0.170234,-0.053472,-0.156580,0.017480,0.081774,0.061236,
1.466182,0.299735,0.630037,-0.147047,0.474452,-0.139900,-0.071193,-0.113156,-0.259186,0.051628,0.087606,0.055234,
1.544783,0.191206,0.655492,-0.124441,0.375259,-0.193694,-0.137135,-0.047352,-0.205249,0.084574,0.030832,-0.008667,
1.569837,0.226148,0.654612,-0.080138,0.330985,-0.197044,-0.195333,-0.077566,-0.119525,0.037624,0.048341,0.029127,
1.482762,0.273029,0.602408,-0.015186,0.383214,-0.172389,-0.246026,-0.087777,0.019124,-0.088901,0.070789,0.062542,
1.458785,0.372481,0.536905,0.013830,0.407938,-0.243704,-0.164671,-0.013699,0.035425,-0.083434,-0.012910,0.034259,
1.421016,0.233942,0.524545,-0.061551,0.399355,-0.233684,-0.173694,0.108690,-0.045321,-0.010059,-0.023482,-0.046196,
1.417214,0.107346,0.523646,-0.162979,0.418197,-0.157171,-0.091090,0.078534,-0.099503,-0.003934,-0.014961,-0.023740,
1.345128,0.176633,0.503576,-0.111561,0.561696,-0.184164,-0.022574,0.083455,-0.084261,0.027945,-0.046462,0.020766,
1.428023,0.034089,0.519145,0.036797,0.587356,-0.103853,-0.028574,0.108085,-0.077548,0.053706,-0.122613,-0.055458,
1.571694,-0.020557,0.578737,-0.068988,0.563149,0.032903,-0.056473,0.117178,-0.187842,-0.010968,-0.048974,-0.087234,
1.621625,0.036496,0.399700,-0.179106,0.688187,-0.041817,-0.115162,0.118622,-0.148799,-0.089585,-0.083903,0.017612,
1.542189,0.005020,0.333762,-0.129346,0.658903,-0.087007,-0.045263,0.094514,-0.185483,-0.046577,-0.084369,0.074334,
1.103481,-0.101439,0.429849,-0.007646,0.521990,-0.138535,-0.076760,0.087237,-0.097839,-0.067941,-0.057312,0.072092,
0.482973,-0.668658,0.416360,-0.000096,0.540085,-0.135107,-0.039273,0.128168,-0.000595,-0.070205,-0.235316,0.090586,
0.317604,-0.866563,0.236108,-0.082290,0.500119,-0.196768,-0.156321,-0.003489,-0.013502,-0.070595,-0.248470,0.094519,
-0.149266,-0.687377,0.344619,0.037476,0.503183,-0.168872,-0.087504,-0.093820,0.147955,-0.035788,-0.224928,0.039933,
-0.577106,-0.844636,0.398439,0.122922,0.567073,-0.171269,-0.078926,-0.125557,0.130954,0.019060,-0.188838,0.022276,
-0.722733,-0.981120,0.393277,0.221250,0.592358,-0.236142,-0.112662,-0.174727,0.060638,-0.014539,-0.157393,0.008130,
-0.837127,-1.062602,0.317070,0.142979,0.636359,-0.149926,-0.014333,-0.146632,-0.029437,-0.028816,0.030264,0.055784,
-0.851339,-1.202655,0.296032,0.050928,0.668979,-0.179104,-0.078898,-0.061168,-0.094568,0.051754,0.019455,0.025395,
-0.815076,-1.328056,0.252858,0.106592,0.643939,-0.243824,-0.161245,-0.053195,-0.018596,0.029945,0.006396,0.001436,
-0.869899,-1.498457,0.143140,0.123196,0.544717,-0.170918,-0.060111,-0.132575,0.111421,-0.103173,0.016561,0.169825,
-0.875505,-1.453182,0.195619,0.064530,0.602492,-0.087628,0.007188,-0.132729,0.019229,0.029042,-0.045599,0.173285,
-0.759315,-1.311552,0.358405,-0.021728,0.653753,-0.028227,0.020125,-0.098009,-0.063417,0.110383,0.006083,0.055455,
-0.806405,-1.297901,0.340787,0.050679,0.595188,0.013807,-0.068339,-0.153317,0.132942,0.084297,-0.035905,0.029831,
-0.844979,-1.302653,0.239046,-0.023069,0.635506,-0.097884,-0.206175,-0.153230,0.091302,0.074676,-0.032538,-0.005717,
-0.677643,-1.423471,0.162507,-0.126174,0.665252,-0.138276,-0.212254,-0.120604,-0.037225,0.071443,-0.004103,0.036792,
-0.664768,-1.285802,0.205919,-0.069347,0.764530,-0.080918,-0.138047,-0.155677,-0.056292,0.159619,-0.028258,-0.010740,
-0.684087,-1.172008,0.279518,-0.060535,0.753911,-0.068938,-0.139026,-0.167683,-0.036819,0.180206,-0.009339,-0.095150,
-0.709335,-1.265583,0.293712,-0.036828,0.680806,-0.119946,-0.146281,-0.005231,-0.012263,0.078859,0.024490,-0.051408,
-0.759757,-1.298018,0.174238,-0.187994,0.626174,-0.024464,-0.133378,-0.042216,-0.020748,0.029424,-0.011664,0.071642,
-0.759605,-1.259559,0.068118,-0.196700,0.689035,-0.000452,-0.158406,-0.171894,-0.046270,0.104887,-0.037159,0.057510,
-0.615548,-1.294720,-0.068967,-0.195902,0.608131,-0.071975,-0.141574,-0.190731,-0.046199,0.099486,-0.031726,0.082171,
-0.605514,-1.471683,-0.066561,-0.344728,0.519690,-0.065288,-0.118553,-0.135753,-0.103157,0.203791,-0.043891,0.009598,
-0.670179,-1.391210,0.039500,-0.156583,0.649193,0.023063,-0.016644,-0.122328,-0.025563,0.178557,-0.113032,0.020543,
-0.558315,-1.334080,0.138724,-0.091806,0.592073,0.080052,0.003465,-0.198358,0.127046,0.148223,-0.122110,0.053489,
-0.451397,-1.238567,0.202677,-0.177228,0.551648,0.085957,-0.081313,-0.024514,0.216261,0.117461,-0.132819,-0.000610,
-0.611957,-1.078082,0.236900,-0.269168,0.586343,0.092125,-0.075812,0.003094,0.206883,0.144174,-0.093552,-0.039209,
-0.612327,-1.018297,0.296527,-0.228870,0.700950,0.084127,-0.037653,0.010382,0.128645,0.223515,-0.037547,-0.045225,
-0.520040,-0.951952,0.242736,-0.191185,0.686567,0.156113,0.050187,-0.018290,0.108625,0.179395,0.007939,0.015364,
