15
15
15
15
15
15
15
15
15
15
15
15
15
15
15
15
15
15
15
15
15
15
15
15
15
15
15
15
15
15
15
15
15
15
15
15
15
15
15
15
15
15
15
15
15
15
15
15
15
15
15
15
15
15
15
15
15
15
15
15
15
15
15
15
15
15
15
15
15
15
15
13
13
13
13
13
13
13
13
13
13
13
13
13
13
13
13
13
13
13
13
13
13
13
13
13
13
13
13
13
13
13
13
13
13
13
13
12
5
5
3
2
2
2
2
2
2
2
2
2
2
2
2
2
2
2
2
2
2
3
4
4
5
3
3
3
3
3
3
3
3
3
10
10
10
10
10
10
10
10
11
10
10
11
6
6
6
6
7
7
7
7
7
7
7
7
7
7
7
7
7
7
6
7
7
7
7
7
7
7
7
7
7
7
7
15
15
7
7
7
7
7
7
7
7
7
6
6