1.173296,-0.358198,0.406393,-0.214083,0.108060,-0.047190,0.071450,0.043112,0.063640,0.001705,-0.045052,0.073716,
1.210467,-0.334594,0.246650,-0.242300,0.120566,-0.118830,0.074535,-0.009075,0.055743,-0.025037,0.002272,0.172065,
1.184404,-0.418064,0.295269,-0.229450,0.217908,-0.079191,0.080526,-0.009445,0.032391,0.041781,-0.057926,0.146699,
1.297890,-0.389652,0.435569,-0.205523,0.270062,-0.058320,0.121616,0.064458,0.087934,0.141681,-0.103730,0.095174,
1.343710,-0.326368,0.498467,-0.187926,0.204502,-0.040876,0.108203,0.067265,-0.011075,0.094916,-0.145860,0.014232,
1.345365,-0.488432,0.583718,-0.258085,0.146041,0.018994,0.080716,0.174892,-0.054494,0.022465,-0.075248,-0.024686,
1.311415,-0.473967,0.495111,-0.255971,0.225452,-0.012303,0.041522,0.055619,-0.066528,0.000588,-0.029539,0.096884,
1.279522,-0.349888,0.376252,-0.233265,0.191752,-0.100028,0.061430,-0.045778,-0.014311,0.018514,-0.036296,0.158690,
1.206372,-0.380497,0.445919,-0.208495,0.081902,-0.201702,0.039562,-0.106686,0.043030,0.094353,-0.073737,0.125857,
1.278253,-0.482553,0.413785,-0.210731,0.078497,-0.179575,0.064186,-0.064905,0.003399,0.174847,-0.045437,0.103819,
1.314292,-0.565351,0.412586,-0.252383,0.101756,-0.085329,-0.011137,0.021752,-0.081195,0.082528,-0.025267,0.007637,
1.197203,-0.526134,0.483977,-0.225861,0.188901,-0.096984,-0.031230,0.000187,-0.194284,0.026453,0.031015,-0.026095,
1.183783,-0.463143,0.535738,-0.173134,0.206272,-0.087111,-0.064141,-0.007468,-0.170505,0.024545,0.108006,0.033241,
1.120693,-0.386715,0.505934,-0.202840,0.187262,-0.070841,0.024367,0.011515,-0.096530,0.029740,0.072656,0.049449,
1.125422,-0.334072,0.420284,-0.379711,0.127755,-0.123023,-0.014361,0.050325,-0.076191,0.028616,0.018616,0.071012,
1.209458,-0.369753,0.393945,-0.374411,0.109474,-0.046479,-0.033825,0.022461,-0.017779,-0.000562,-0.016435,0.147220,
1.257958,-0.519238,0.544871,-0.264506,0.067766,-0.122288,-0.077690,-0.008299,-0.105031,-0.028768,-0.012822,0.098374,
1.158641,-0.525615,0.473032,-0.284064,0.090180,-0.235275,-0.035992,-0.026040,-0.113547,0.013127,-0.032593,0.112327,
1.182485,-0.384342,0.334817,-0.278382,0.235393,-0.155201,-0.026263,-0.078468,-0.058390,0.017961,-0.033919,0.188128,
1.113347,-0.501676,0.331906,-0.238563,0.229047,-0.053973,0.001121,-0.082496,-0.116902,0.031379,-0.031912,0.078617,
1.144628,-0.574415,0.344379,-0.298583,0.136497,-0.100689,0.055287,0.058613,-0.180311,0.004237,-0.021562,0.049711,
1.195479,-0.431416,0.453237,-0.304363,0.040417,-0.113018,0.088631,0.092054,-0.185701,-0.061791,-0.105829,-0.046754,
1.181873,-0.404096,0.579765,-0.266834,0.023591,-0.099673,0.072194,0.005314,-0.073433,0.033245,-0.115318,-0.049196,
1.270856,-0.547866,0.516422,-0.284804,0.107793,-0.099871,0.041908,0.005669,-0.043346,0.033760,-0.144910,0.049402,
1.281594,-0.508512,0.480605,-0.315492,0.224121,-0.108447,-0.098285,0.030503,0.015828,0.010765,-0.139877,0.027620,
1.261260,-0.573926,0.544944,-0.335974,0.109012,-0.024828,-0.040417,0.036010,-0.001976,0.024466,-0.139284,-0.014029,
1.273445,-0.547407,0.490614,-0.224583,0.068554,-0.072476,0.120031,0.037155,-0.035036,0.062027,-0.121594,0.026913,
1.165446,-0.444691,0.545764,-0.172758,0.162097,-0.048526,0.096668,0.094140,0.078226,0.167795,-0.035747,-0.009616,
1.043850,-0.370815,0.592098,-0.345542,0.258314,-0.004363,-0.017334,-0.008987,-0.020694,0.132901,0.022980,0.007360,
1.084674,-0.522485,0.417600,-0.392033,0.207579,-0.081474,-0.046277,0.019139,-0.093118,0.051688,0.005792,0.039519,
1.201471,-0.529664,0.330668,-0.354086,0.192345,-0.089926,-0.061057,0.004715,-0.109876,0.015406,0.000328,0.087159,
1.282602,-0.514541,0.509906,-0.300198,0.231824,-0.037982,-0.051525,0.065819,-0.102164,0.079904,0.082819,0.108782,
1.385138,-0.441454,0.459368,-0.285400,0.211201,-0.025325,-0.088354,0.059779,-0.091303,0.042283,0.011520,-0.013255,
1.356900,-0.318961,0.428557,-0.241331,0.155599,-0.151156,-0.038312,-0.018713,-0.042008,0.067524,-0.133676,0.004277,
1.408134,-0.480700,0.423924,-0.173624,0.167569,-0.122818,0.013301,-0.035713,-0.017171,0.099600,-0.202550,0.005225,
1.310692,-0.597888,0.407250,-0.197457,0.075925,-0.130724,0.030805,-0.037875,-0.039317,0.023203,-0.145665,0.085125,
1.274898,-0.487724,0.319120,-0.245389,0.150492,-0.082122,0.111443,0.086811,-0.036127,0.052507,-0.069109,0.044130,
1.405234,-0.311349,0.381969,-0.221233,0.257769,-0.019352,0.129591,0.001213,-0.011364,0.125073,-0.136935,0.073336,
1.300252,-0.361853,0.386945,-0.093517,0.194112,-0.055488,0.175380,-0.113277,-0.011317,-0.028303,-0.180245,0.186489,
1.251465,-0.518645,0.354496,-0.215666,0.069109,-0.106658,0.133872,-0.026047,-0.029569,-0.018896,-0.042863,0.204365,
1.282501,-0.436510,0.527893,-0.349015,0.048826,-0.118289,0.130317,0.127711,-0.028663,0.085280,0.025735,0.174450,
1.238624,-0.278226,0.650949,-0.357116,0.080473,-0.112105,0.050701,0.098294,-0.112469,0.104096,0.113011,0.089148,
1.227624,-0.272933,0.604310,-0.244763,0.191271,-0.180092,-0.062862,-0.011647,-0.048508,0.144240,0.091700,0.071337,
1.277381,-0.348037,0.435912,-0.279088,0.249322,-0.164712,-0.038003,-0.064585,0.042943,0.159573,-0.064373,0.074799,
1.422157,-0.320240,0.335647,-0.320697,0.158703,-0.126724,-0.009587,-0.018043,0.024885,0.044317,-0.102448,0.101298,
1.248181,-0.267129,0.364074,-0.219427,0.202775,-0.089513,-0.004107,0.001186,0.090006,-0.067885,-0.056981,0.175626,
1.120485,-0.328454,0.433428,-0.306493,0.330835,-0.111114,-0.024882,-0.019053,-0.047676,-0.021621,-0.010203,0.214814,
1.240108,-0.429694,0.476093,-0.390683,0.235736,-0.152743,-0.109978,-0.006750,-0.126861,0.026049,-0.060397,0.048563,
1.146732,-0.351578,0.438340,-0.322788,0.093885,-0.111073,-0.035171,-0.013896,-0.052960,0.044847,-0.035210,-0.060866,
1.224646,-0.304936,0.460709,-0.318385,0.143830,-0.038776,-0.000116,-0.042356,0.038128,0.115458,-0.063163,0.052735,
1.317351,-0.414335,0.415329,-0.354836,0.267867,0.001320,-0.025107,-0.000983,0.029893,0.080323,-0.080334,0.099234,
1.208392,-0.467036,0.349315,-0.315091,0.186345,-0.045317,0.066335,0.006319,-0.029783,0.025636,-0.077678,0.068730,
1.194793,-0.425723,0.402630,-0.337788,0.049627,-0.073771,0.058418,-0.016026,-0.034504,0.035638,-0.034357,-0.033834,
1.236120,-0.431510,0.381001,-0.389443,0.102222,-0.084156,-0.041798,0.014971,0.010748,-0.044133,-0.069856,0.029705,
1.247387,-0.403385,0.519702,-0.355989,0.137395,-0.086055,0.013962,0.126602,0.013436,-0.004833,-0.082601,0.061925,
1.304413,-0.326877,0.560583,-0.387779,0.130450,-0.123506,0.001789,0.086058,-0.019903,0.044363,-0.088383,0.080581,
1.327001,-0.398034,0.357943,-0.379173,0.088279,-0.192591,-0.096703,-0.003486,-0.006249,-0.041160,-0.175012,0.056324,
1.260384,-0.487848,0.288372,-0.375733,-0.041178,-0.217816,-0.112505,-0.049993,-0.039601,-0.080177,-0.100255,0.073293,
1.149142,-0.566895,0.405586,-0.228962,-0.001609,-0.184844,-0.103034,-0.029842,-0.035109,-0.056920,0.015904,0.074509,
1.142098,-0.412979,0.508565,-0.156709,0.152869,-0.136117,-0.111522,0.019321,0.056175,-0.041235,0.055924,0.110050,
1.139932,-0.281315,0.475296,-0.274427,0.138587,-0.077463,0.022953,0.095697,0.097778,-0.022552,-0.008990,0.049149,
1.237105,-0.286494,0.461165,-0.247286,0.145851,-0.098074,0.026482,0.077583,0.054349,0.027322,-0.212523,-0.044462,
1.248486,-0.281461,0.468056,-0.197124,0.229572,-0.065727,0.063343,0.033398,-0.025069,0.060721,-0.197570,0.024361,
1.296137,-0.332122,0.417508,-0.240748,0.239179,-0.124664,0.070893,0.094188,-0.044729,0.012519,-0.191856,0.067061,
1.360815,-0.489576,0.522820,-0.354776,0.133638,0.004546,0.069938,0.052830,-0.109213,-0.065082,-0.161603,0.077022,
1.267604,-0.419388,0.539142,-0.385733,0.088543,0.003364,0.073242,0.071875,-0.075412,-0.039903,-0.135406,0.023639,
1.322295,-0.409227,0.485813,-0.361094,0.191861,-0.043279,-0.019642,0.123576,-0.024067,-0.037062,-0.080111,0.035607,
1.293758,-0.371915,0.489429,-0.239910,0.166149,-0.104400,0.081422,0.094866,0.016485,0.073884,-0.088862,0.002341,
1.341167,-0.322692,0.509631,-0.340454,0.159290,-0.063084,-0.026636,0.019966,-0.003278,0.072986,-0.028170,0.016904,
1.328821,-0.411695,0.411355,-0.404814,0.173730,-0.080067,-0.104791,0.016290,0.001959,0.054959,-0.048260,0.063386,
1.211440,-0.519760,0.436259,-0.300589,0.136682,-0.030780,-0.036353,0.007955,0.057408,0.087084,-0.024621,0.060787,
1.119840,-0.525534,0.506839,-0.218868,0.219482,0.023969,0.017129,0.087670,0.077300,0.004358,-0.022178,0.082486,
1.184472,-0.464274,0.439131,-0.239751,0.233998,-0.045879,-0.011293,0.101208,0.059880,-0.007901,-0.053535,0.127602,
1.216779,-0.521927,0.365104,-0.277655,0.245345,-0.026604,0.031819,0.069226,-0.051217,0.013111,0.020760,0.148612,
1.223747,-0.543005,0.390442,-0.392180,0.207077,-0.005953,0.020494,0.044164,-0.061901,0.036081,-0.031570,0.083157,
1.163453,-0.434417,0.379220,-0.399499,0.171517,-0.060243,-0.009147,0.075245,-0.078477,-0.022384,-0.030085,0.023962,
1.217606,-0.359165,0.398285,-0.367545,0.146105,-0.082880,-0.038569,0.036099,-0.118687,-0.008657,0.059889,0.071132,
1.334575,-0.366099,0.416772,-0.291660,0.191928,-0.063643,0.040123,0.022586,-0.052057,0.050026,0.032736,0.135229,
1.302123,-0.543738,0.395559,-0.292897,0.201663,-0.007035,-0.026581,0.089094,-0.049156,0.030265,0.005836,0.011079,
1.189985,-0.512313,0.424201,-0.315895,0.208785,-0.006345,-0.056688,0.041605,-0.065961,0.007868,-0.138434,-0.107581,
1.240301,-0.461848,0.411320,-0.393338,0.171466,0.026694,0.026714,0.061447,0.006522,0.072357,-0.004773,-0.029086,
1.200479,-0.470621,0.343042,-0.369511,0.190179,0.025580,0.051634,0.106501,0.055585,0.067154,0.084694,0.092093,
1.090323,-0.458711,0.361554,-0.205683,0.131288,-0.095812,0.016575,0.061968,-0.029779,0.068897,0.040578,0.012842,
1.186246,-0.448265,0.422873,-0.174506,0.019184,-0.191580,-0.010764,-0.065916,-0.089486,0.020120,-0.030366,0.019471,
1.284973,-0.441492,0.463817,-0.223738,0.038633,-0.205166,-0.093760,-0.006937,-0.103572,0.004839,-0.015175,0.004589,
1.280080,-0.443460,0.356854,-0.216203,0.104576,-0.141273,-0.014227,-0.016240,-0.033294,0.090668,-0.080748,-0.006961,
1.220211,-0.317515,0.359525,-0.289173,0.177997,-0.006320,0.045198,-0.026074,-0.039304,0.096354,-0.066654,-0.017398,
1.186869,-0.373066,0.354041,-0.294140,0.094296,-0.123974,0.045843,0.051206,-0.036625,-0.096829,-0.154166,0.068862,
1.124257,-0.485376,0.249278,-0.400256,0.071368,-0.195494,-0.050306,-0.009923,-0.067654,-0.080398,-0.023299,0.069981,
1.271522,-0.445672,0.330339,-0.317840,0.071770,-0.256615,-0.043489,0.001334,-0.038389,0.089083,0.120399,0.180428,
1.297039,-0.375001,0.413852,-0.232388,0.033601,-0.279383,0.022871,0.002962,-0.034009,0.177763,0.051117,0.107366,
1.286614,-0.424075,0.470387,-0.231229,0.195344,-0.118779,-0.013341,0.004048,-0.096690,0.100556,-0.058276,-0.044830,
1.191153,-0.445990,0.567593,-0.289578,0.321679,-0.000365,0.053778,0.093992,-0.101602,0.048290,0.058121,0.047967,
1.085416,-0.501388,0.490405,-0.262412,0.348735,-0.051339,0.019747,0.167043,-0.032531,0.044722,0.021310,0.085751,
1.069912,-0.507451,0.429295,-0.245502,0.247756,-0.158540,-0.016373,0.124837,-0.049414,0.076877,-0.046023,0.020604,
1.142910,-0.430052,0.392392,-0.256751,0.307346,0.045928,0.072227,0.015651,-0.053981,0.114305,-0.043616,0.003891,
1.325971,-0.436333,0.387097,-0.206709,0.369201,0.000904,-0.068742,-0.000686,-0.004398,0.200596,0.042147,0.008482,
1.286756,-0.302390,0.379744,-0.184418,0.249302,-0.189045,-0.068358,-0.012245,-0.073623,0.168646,0.036265,0.020381,
1.178420,-0.342908,0.372144,-0.260154,0.160906,-0.157371,-0.104519,-0.066393,-0.104943,0.117362,0.077295,-0.046514,
1.186496,-0.298596,0.438775,-0.389371,0.180088,-0.054514,-0.111185,-0.058992,-0.021307,0.114568,0.023054,0.011513,
1.142631,-0.419727,0.396805,-0.453833,0.178725,-0.065595,-0.019273,0.129882,0.030418,0.064731,0.014914,0.060377,
1.266059,-0.486055,0.391925,-0.406680,0.175488,-0.097069,-0.009324,0.154256,-0.023513,0.057152,-0.007714,0.026473,
1.316392,-0.586672,0.421165,-0.228645,0.122851,-0.047872,0.100061,0.052893,-0.076082,0.139922,-0.021347,-0.097682,
1.162314,-0.477815,0.396859,-0.247437,0.192981,-0.072845,0.125503,-0.077546,-0.134673,0.154348,-0.078846,-0.095262,
1.183252,-0.398380,0.430921,-0.316548,0.243607,-0.073952,-0.015854,-0.103165,-0.147829,0.091588,-0.024539,-0.011840,
1.292179,-0.414304,0.352742,-0.360311,0.245363,-0.162578,-0.077622,-0.012201,-0.241018,0.066950,-0.010869,-0.019699,
0.989613,-0.349111,0.337127,-0.394784,0.176450,-0.116742,0.090635,0.107965,-0.161142,0.018879,-0.037025,-0.096427,
1.078141,-0.333312,0.384445,-0.313989,0.148307,-0.177364,0.050028,0.105643,-0.035449,0.001426,-0.023659,0.025081,
1.214702,-0.626222,0.428772,-0.274432,0.156722,-0.121979,0.006270,0.009785,-0.097111,0.039910,-0.034177,0.092145,
1.229103,-0.688110,0.477628,-0.300033,0.149120,-0.019750,-0.000131,-0.039122,-0.132465,0.086260,-0.044800,0.000500,
1.238733,-0.474141,0.599559,-0.331165,0.075375,0.036525,-0.019074,-0.080088,-0.082142,0.067247,-0.023714,-0.018798,
1.203024,-0.299259,0.616569,-0.385295,0.004107,-0.034165,-0.024393,-0.061727,0.002255,0.113690,-0.061014,-0.017945,
1.332461,-0.445636,0.488825,-0.315695,0.114457,-0.005385,-0.020099,-0.044576,0.007179,0.074723,-0.074271,0.003568,
1.363331,-0.432501,0.465833,-0.241254,0.156838,-0.031485,-0.038182,-0.041619,-0.078011,-0.020278,-0.019461,0.112123,
1.364969,-0.362399,0.465958,-0.290002,0.138286,-0.125241,0.010313,0.058169,-0.125084,0.056290,-0.085319,0.027457,
1.329017,-0.411306,0.398863,-0.354655,0.207967,-0.185669,-0.012747,0.025147,-0.098860,0.027230,-0.099666,0.187048,
1.291073,-0.414149,0.442254,-0.415918,0.196587,-0.174983,-0.033743,0.046166,-0.018618,0.014870,-0.096329,0.178949,
1.201121,-0.478352,0.499031,-0.356166,0.118359,-0.152129,-0.045544,0.002722,-0.054903,0.080543,-0.028362,-0.006338,
1.185502,-0.467324,0.457000,-0.312223,0.040915,-0.193083,-0.039687,-0.142319,-0.053259,0.155219,-0.022338,0.073830,
1.117812,-0.492571,0.449243,-0.321769,0.046472,-0.127008,0.028544,-0.207884,-0.104174,0.172169,-0.047385,0.121900,
1.084967,-0.461435,0.477273,-0.393204,0.067448,-0.113459,-0.035033,-0.130567,-0.172078,0.055333,-0.032838,0.097387,
1.200393,-0.431268,0.428273,-0.355159,0.122358,-0.133131,-0.107356,0.044629,-0.106754,-0.006298,-0.073844,-0.021290,
1.152039,-0.327131,0.436874,-0.313924,0.169280,-0.043866,0.088861,0.033033,-0.072614,0.097217,0.018307,0.050347,
1.146056,-0.430228,0.450487,-0.325540,0.293039,-0.001739,0.048475,0.047543,-0.010417,0.071146,-0.017970,0.163970,
1.283012,-0.473573,0.394611,-0.336660,0.302664,0.046092,0.030691,-0.008493,0.043288,0.065995,-0.078168,0.172475,
1.282731,-0.264273,0.475498,-0.309314,0.158854,-0.096093,0.018694,-0.022132,-0.023165,0.028257,-0.009796,0.181493,
1.154618,-0.173473,0.308276,-0.369261,0.126214,-0.136104,-0.008037,-0.003991,-0.022044,-0.075243,-0.036669,0.092694,
0.894554,-0.041486,0.116046,-0.211157,0.156174,-0.175912,-0.031609,0.040733,0.071156,-0.197518,-0.103933,-0.026176,
0.931495,-0.081074,0.259681,-0.139173,0.219854,-0.163865,-0.020557,0.047932,0.023539,-0.097871,-0.017556,0.001744,
1.188654,-0.327433,0.373148,-0.145265,0.199448,-0.070187,0.020350,-0.075659,-0.038997,0.020211,-0.038878,0.079808,
1.253649,-0.401667,0.418119,-0.196802,0.174398,-0.043673,0.047920,-0.125554,-0.055750,0.086429,-0.151636,0.031064,
1.327654,-0.453051,0.439399,-0.201180,0.228422,-0.072493,0.043047,-0.037938,-0.005292,0.084467,-0.197345,0.051395,
1.362561,-0.464079,0.301143,-0.276114,0.306754,-0.052195,-0.044851,-0.014672,-0.110200,-0.012394,-0.152083,-0.019234,
1.269894,-0.379091,0.274454,-0.207072,0.222787,-0.103795,0.060096,-0.075662,-0.128815,0.063085,-0.147438,-0.000958,
1.305973,-0.453352,0.301928,-0.119499,0.033004,-0.139151,0.192478,-0.033292,-0.090302,0.125029,-0.025978,0.053939,
1.302595,-0.412429,0.430783,-0.209429,0.003668,-0.128644,0.188458,0.036316,-0.057757,0.081148,-0.007473,0.106453,
1.220502,-0.391283,0.516449,-0.268679,0.141769,-0.104175,0.053095,0.028076,-0.005660,0.024800,-0.098642,0.108062,
1.159500,-0.390944,0.493557,-0.228145,0.243124,-0.131915,-0.034062,0.077639,0.019567,-0.019375,-0.106618,0.074500,
1.101381,-0.348120,0.443883,-0.257103,0.182855,-0.125915,-0.121024,0.065375,0.039521,-0.009406,-0.038926,0.056677,
1.124543,-0.411064,0.413156,-0.302417,0.238290,-0.111813,-0.170041,0.064916,-0.010427,-0.006558,0.045007,0.076182,
1.258683,-0.440073,0.535900,-0.310014,0.277033,-0.048771,0.006539,0.117225,-0.136791,0.018233,0.029060,0.033645,
1.295675,-0.359970,0.481818,-0.347840,0.273594,-0.086562,-0.010491,0.064224,-0.035589,0.031688,-0.094299,0.093931,
1.228840,-0.443451,0.333519,-0.378801,0.253209,-0.163034,-0.097267,-0.016679,-0.084291,-0.028378,-0.133008,0.075255,
1.177551,-0.536766,0.288629,-0.310135,0.166876,-0.225558,-0.080327,-0.067126,-0.033493,0.038769,-0.159275,-0.018847,
1.195175,-0.341595,0.274339,-0.215344,0.111995,-0.177486,-0.001978,-0.164604,0.075036,0.144684,-0.061991,0.077815,
1.116386,-0.183839,0.360198,-0.268481,0.154809,-0.120935,-0.008639,-0.092457,0.115753,0.110538,-0.031322,0.126371,
1.193833,-0.314265,0.449048,-0.401761,0.176579,-0.093657,-0.010371,0.000115,-0.058439,0.067626,-0.103682,0.047165,
1.166690,-0.453410,0.351167,-0.332716,0.190422,-0.098486,0.091715,0.065468,-0.034016,0.000492,-0.173206,0.039518,
1.183474,-0.271001,0.269102,-0.261944,0.280108,-0.127173,0.041945,0.071072,0.033484,-0.038961,-0.152340,0.092236,
1.218776,-0.292979,0.272287,-0.402447,0.167600,-0.085559,-0.041128,-0.011260,-0.062584,-0.058207,-0.077551,0.048175,
1.192387,-0.372738,0.282254,-0.417821,0.085268,-0.097740,-0.024291,-0.154764,-0.066907,-0.017917,-0.128127,0.077845,
1.238412,-0.482317,0.305096,-0.177596,0.085186,-0.061488,0.080728,-0.083607,-0.031209,0.021378,-0.071567,0.066344,
1.300997,-0.422357,0.361295,-0.174960,0.074089,-0.056026,0.011103,-0.001586,-0.061119,0.018627,-0.045721,0.010885,
1.190645,-0.414826,0.489996,-0.361405,0.095163,-0.088706,-0.061718,0.036946,-0.065443,0.009523,-0.028302,0.048947,
1.195086,-0.382036,0.519548,-0.303189,0.183132,-0.046236,-0.009926,0.004675,-0.034007,0.001008,-0.086546,0.032338,
1.140280,-0.513149,0.430329,-0.208941,0.219259,-0.114094,-0.050801,-0.041672,-0.019833,0.031152,-0.146638,-0.029918,
1.131361,-0.484271,0.347318,-0.236843,0.167325,-0.150008,-0.030083,0.041633,-0.053567,0.023615,-0.209699,-0.092211,
1.019142,-0.455760,0.336453,-0.360599,0.108017,-0.089811,0.017882,0.139675,-0.042050,0.010122,-0.082530,-0.088127,
1.005017,-0.615011,0.274197,-0.320189,0.051228,-0.101650,0.031138,0.029158,-0.029168,-0.007729,-0.098380,-0.062161,
1.032055,-0.571784,0.371864,-0.304123,0.154426,-0.121989,0.033948,-0.009424,-0.042512,0.097831,-0.074542,-0.016725,
1.091261,-0.442189,0.491377,-0.357592,0.292640,-0.077704,-0.033446,-0.008503,-0.070844,0.097112,-0.049036,0.093125,
1.149247,-0.321775,0.496618,-0.404117,0.189532,-0.077052,0.060526,-0.109980,-0.129636,0.103793,-0.034165,0.154354,
1.094036,-0.291902,0.472046,-0.402676,0.117874,-0.107495,0.177730,-0.026383,-0.111152,0.057102,-0.020193,0.096622,
1.171992,-0.395000,0.487003,-0.302874,0.199383,-0.027065,0.230467,0.034518,-0.090830,0.067355,-0.085623,0.135699,
1.255972,-0.511508,0.479106,-0.261003,0.216986,-0.063321,0.069730,-0.021639,-0.084107,0.036765,-0.057399,0.206459,
1.133929,-0.428886,0.469016,-0.313579,0.182739,-0.160472,0.024956,0.045092,-0.050105,0.027001,-0.027649,0.111031,
1.203498,-0.479390,0.467844,-0.237816,0.155845,-0.201978,-0.004777,0.089459,-0.024906,0.039289,-0.071127,0.048923,
1.202007,-0.411128,0.570646,-0.185277,0.046291,-0.224694,-0.025662,-0.000013,-0.050361,0.141684,-0.077704,-0.040680,
1.141890,-0.346487,0.504505,-0.169778,0.065636,-0.173760,0.053081,-0.036979,0.042050,0.176094,-0.044802,0.092417,
1.179516,-0.448206,0.460957,-0.218968,0.149061,-0.025155,0.064262,0.032414,-0.023754,0.103243,-0.034812,0.057897,
1.385853,-0.371561,0.497442,-0.335595,0.158201,-0.115807,0.057084,0.015790,-0.142632,0.057703,-0.095812,0.098946,
1.424032,-0.270249,0.406980,-0.308980,0.267915,-0.128775,0.063653,0.018530,-0.091952,0.038059,-0.084398,0.176112,
1.377493,-0.369167,0.327570,-0.291579,0.223405,-0.097965,0.069118,0.079330,-0.077992,0.072218,0.022405,0.116056,
1.336360,-0.370231,0.302384,-0.284951,0.059686,-0.137554,0.143219,0.077470,-0.063542,0.024693,0.039231,0.126909,
1.182042,-0.418693,0.399218,-0.344419,0.012124,-0.224367,0.046231,0.045385,-0.033143,0.059701,-0.033093,0.135602,
1.180940,-0.445164,0.428007,-0.415453,-0.004159,-0.224049,-0.007519,-0.072446,-0.137265,0.083860,-0.067629,0.102043,
1.219000,-0.547080,0.338353,-0.471677,0.162196,-0.239667,-0.136689,-0.041999,-0.143959,0.016806,-0.079623,0.116228,
1.259513,-0.510422,0.350976,-0.387417,0.248604,-0.190979,-0.127329,0.039728,-0.053915,0.023788,-0.026277,0.115080,
1.208435,-0.460728,0.537105,-0.317538,0.097381,-0.097855,-0.023973,-0.069095,-0.070179,0.104953,0.027534,0.068622,
1.213119,-0.330825,0.337521,-0.291321,0.099018,-0.161268,0.090845,-0.202297,-0.020829,0.108676,-0.032368,0.143220,
1.165678,-0.238974,0.287446,-0.275133,0.240408,-0.277335,-0.064722,-0.063123,0.079812,0.028282,0.037018,0.215566,
1.155917,-0.312359,0.458942,-0.290778,0.136222,-0.153646,0.041295,0.054892,0.044225,0.103189,0.033469,0.090622,
1.201132,-0.332584,0.579937,-0.259707,0.076942,-0.135160,0.065124,0.025029,0.012972,0.147178,-0.065248,0.050696,
1.152661,-0.288500,0.546336,-0.323023,0.098005,-0.145216,-0.059450,-0.010791,0.045829,0.089997,-0.045790,0.059308,
1.098279,-0.362346,0.504317,-0.253690,0.070634,-0.103824,0.031698,-0.005845,0.033864,0.006413,-0.095597,0.041811,
1.140206,-0.435169,0.415061,-0.207384,0.082824,-0.186325,0.119419,-0.083898,-0.045945,0.114465,-0.089464,0.048916,
1.127642,-0.296792,0.368646,-0.339271,0.074564,-0.088523,0.096777,-0.218354,-0.061671,0.099106,0.017707,0.084016,
1.082497,-0.266485,0.380844,-0.457313,0.005644,-0.056787,0.097918,-0.126994,-0.074289,0.073491,0.024815,0.049398,
1.005363,-0.425361,0.443212,-0.396584,-0.016478,-0.011879,-0.057878,-0.066459,-0.028487,0.063922,-0.039899,-0.081805,
1.020825,-0.522578,0.458203,-0.255270,0.100562,-0.064689,-0.002402,-0.074375,-0.028353,0.007932,-0.087995,0.067879,
1.102147,-0.538736,0.418064,-0.180092,0.083323,-0.140036,-0.115386,0.050627,0.116205,0.035835,0.050904,0.084127,
1.218474,-0.543471,0.499951,-0.267189,0.095241,0.002571,-0.078760,0.052388,0.029944,-0.029787,0.010468,0.082766,
1.157602,-0.493178,0.534549,-0.357588,0.208903,-0.010821,-0.022458,0.016460,-0.069435,-0.016577,-0.069547,0.123598,
1.036612,-0.330913,0.420044,-0.445719,0.198837,-0.031445,0.000945,0.031308,-0.026952,0.077443,-0.053293,0.058546,
1.012455,-0.423046,0.354496,-0.352265,0.205469,-0.066557,-0.014350,0.039205,0.052310,0.018518,-0.010789,0.125069,
1.186392,-0.403281,0.417957,-0.230602,0.165022,-0.147619,0.024916,-0.037411,0.044112,0.040027,-0.032669,0.197430,
1.226067,-0.391159,0.482632,-0.241310,0.111943,-0.161162,0.023088,0.005009,-0.030968,0.004102,-0.034969,0.163051,
1.013899,-0.389969,0.487861,-0.192630,0.204266,-0.106667,-0.054558,-0.019809,-0.062795,0.031272,0.033385,0.109070,
1.022483,-0.414158,0.441609,-0.237290,0.235827,-0.104310,-0.065335,0.037472,-0.098871,0.017317,-0.020843,0.038310,
1.023375,-0.325841,0.405604,-0.323357,0.200949,-0.117249,0.060323,0.038620,-0.043567,-0.019764,-0.039254,0.119992,
1.010842,-0.347801,0.415749,-0.231286,0.180573,-0.094937,0.091852,0.028114,0.100510,-0.055166,-0.058554,0.182307,
1.146277,-0.356361,0.516952,-0.224019,0.139456,-0.143014,-0.137244,-0.008884,0.096257,0.023841,-0.086838,0.156950,
1.175086,-0.346425,0.588190,-0.235406,0.153070,-0.107800,-0.094832,0.005932,0.026295,0.087325,-0.009421,0.123670,
1.094839,-0.326724,0.421165,-0.275129,0.240553,-0.083120,-0.026140,0.074326,-0.002304,-0.001824,-0.001076,0.057792,
1.039678,-0.448438,0.364850,-0.254427,0.191528,-0.082749,0.011980,0.053236,0.072968,-0.005571,-0.118028,0.053067,
1.080945,-0.505352,0.446749,-0.283423,0.248893,-0.092775,0.044613,0.084457,0.008511,0.068714,-0.136533,-0.019974,
1.165129,-0.472824,0.482469,-0.342328,0.146471,-0.066768,0.108902,0.069029,-0.052165,0.007728,-0.143528,0.044532,
1.180430,-0.330179,0.447738,-0.321204,0.094442,-0.058424,0.015960,0.029151,-0.044739,-0.045225,-0.006945,0.106720,
1.144813,-0.294593,0.370122,-0.270890,0.229452,-0.064907,-0.092437,-0.052313,-0.012470,-0.057196,-0.046718,0.102170,
1.050031,-0.416611,0.378164,-0.256446,0.252893,-0.164532,-0.143446,-0.166141,-0.038970,-0.036603,-0.052531,0.128514,
1.127444,-0.392413,0.438552,-0.230510,0.235534,-0.108435,-0.004399,-0.184722,-0.059242,0.091212,-0.105768,0.127599,
1.200345,-0.381285,0.473751,-0.260073,0.244468,-0.041576,0.024854,-0.175456,-0.103525,0.126043,-0.071748,0.094125,
1.342313,-0.405783,0.401603,-0.236502,0.211668,0.049158,0.041654,-0.107750,-0.022405,-0.016416,-0.085384,0.095303,
1.272425,-0.389118,0.445951,-0.234602,0.157502,0.092600,0.099548,0.073264,0.059517,-0.048870,-0.008042,0.083335,
1.121897,-0.312535,0.471821,-0.260967,0.189085,0.020703,0.020464,0.037087,0.061005,-0.019193,-0.020702,0.116854,
1.156584,-0.428161,0.414272,-0.365780,0.133633,-0.013429,0.008855,0.052294,-0.057798,-0.085989,-0.110659,0.110821,
1.322237,-0.554719,0.392482,-0.312921,0.207516,-0.060821,-0.030625,0.142465,-0.027026,-0.029956,-0.056374,0.081927,
1.349027,-0.583427,0.445558,-0.249067,0.128624,-0.060902,0.050963,0.061784,-0.010633,0.076108,-0.048200,0.071943,
1.286951,-0.454237,0.396992,-0.438865,0.056557,-0.092657,-0.040220,0.028696,0.008623,0.043930,-0.112814,0.089805,
1.181985,-0.450386,0.346684,-0.440212,0.142410,-0.135097,-0.085049,0.031515,0.012236,0.073592,-0.078660,0.068843,
1.070786,-0.596485,0.331895,-0.372797,0.160741,-0.096697,-0.088920,-0.026179,-0.131967,0.055435,-0.112032,-0.107765,
1.192697,-0.477203,0.365377,-0.315275,0.200592,-0.060801,0.036031,-0.118853,-0.132366,0.119354,-0.152536,-0.023122,
1.126641,-0.392075,0.445048,-0.345805,0.175044,-0.070299,0.047797,-0.045666,-0.095743,0.037970,-0.106223,-0.053744,
1.240845,-0.474298,0.429420,-0.318255,0.190558,-0.147550,-0.148335,0.030993,-0.033400,-0.001443,-0.064643,-0.044960,
1.290129,-0.529679,0.344875,-0.230864,0.240759,-0.170951,-0.039818,0.022020,-0.027433,0.059722,-0.009679,0.117998,
1.200854,-0.447398,0.393548,-0.249575,0.309544,-0.097251,0.017378,0.121648,0.001723,0.073683,0.007174,0.033826,
1.114137,-0.338898,0.331054,-0.270401,0.328402,0.001434,0.045329,0.119811,0.047303,-0.029009,0.044391,0.030723,
1.080739,-0.364489,0.326577,-0.160883,0.311067,0.004732,-0.013307,0.000719,0.035079,0.015535,-0.033459,-0.037625,
1.059637,-0.476725,0.366750,-0.054246,0.235632,-0.068752,-0.056617,-0.135701,0.061777,0.089885,-0.081152,0.006354,
1.181990,-0.565657,0.504201,-0.111172,0.183282,-0.154519,-0.046822,-0.042892,-0.038996,0.139544,-0.039599,0.073472,
1.241035,-0.501223,0.480632,-0.198441,0.146612,-0.113856,-0.044880,-0.042704,-0.035957,0.113583,-0.053754,0.042598,
1.160745,-0.428039,0.361054,-0.242791,0.092964,-0.131833,-0.017158,0.046255,0.063233,0.076707,-0.096498,0.019548,
1.074685,-0.365582,0.380815,-0.193764,0.090789,-0.092915,-0.065271,0.013599,0.016252,-0.022011,-0.037259,0.030296,
1.080070,-0.506809,0.401020,-0.305668,0.166879,-0.077942,-0.094981,-0.031021,-0.141220,-0.038438,-0.066340,0.047748,
1.227779,-0.504901,0.417294,-0.290984,0.244968,-0.128691,-0.002437,0.057579,-0.084399,0.004717,-0.110194,0.154266,
1.372112,-0.408810,0.422745,-0.229822,0.222780,-0.114314,0.028469,0.048796,-0.009418,0.047763,-0.090805,0.124367,
1.340327,-0.339333,0.431667,-0.241200,0.210502,-0.095676,-0.023381,0.011218,-0.045363,0.041379,0.009948,0.143977,
1.362047,-0.414819,0.314628,-0.294240,0.150429,-0.184007,0.067212,0.004638,-0.044213,0.110590,0.023462,0.190402,
1.214441,-0.435403,0.372856,-0.342518,0.118881,-0.201661,0.083822,0.051852,-0.076101,0.096014,-0.041735,0.118572,
1.060750,-0.361327,0.423470,-0.300505,0.107504,-0.180497,0.020508,-0.082220,-0.099153,-0.016816,-0.125142,0.062091,
1.158846,-0.385929,0.425203,-0.230065,0.143545,-0.089471,-0.028451,-0.154959,-0.089288,0.069646,-0.045897,0.032329,
1.204775,-0.445243,0.462535,-0.162623,0.124725,-0.141092,-0.009965,-0.082951,-0.035244,0.135281,-0.063715,0.056774,
1.080582,-0.459897,0.362262,-0.299228,0.076629,-0.177506,0.008536,-0.020180,0.030751,0.160300,-0.038654,0.114405,
1.119463,-0.550118,0.307854,-0.301198,0.199868,-0.098220,-0.005815,0.021338,0.013532,0.101960,-0.057131,0.059944,
1.258994,-0.552840,0.339777,-0.248946,0.161336,-0.088336,0.059071,0.076913,0.019815,0.041407,-0.032904,0.046540,
1.218961,-0.476373,0.385399,-0.222822,0.112751,-0.118070,0.066950,0.079381,-0.101858,0.029929,0.039216,0.039396,
1.217498,-0.503972,0.327740,-0.262823,0.137327,-0.037347,0.065862,0.045079,-0.031915,0.137459,0.019202,0.071167,
1.274106,-0.450462,0.397477,-0.381165,0.190993,0.003265,-0.021296,0.012898,0.047959,0.164381,-0.024834,0.096028,
1.262765,-0.328361,0.466052,-0.344083,0.183182,-0.095767,0.014855,-0.033641,-0.076091,0.088734,-0.012617,0.114291,
1.272475,-0.370612,0.542551,-0.226027,0.208157,-0.144107,0.048268,0.014163,-0.061690,0.070884,-0.016344,0.177354,
1.117626,-0.478525,0.440109,-0.202470,0.095374,-0.179535,0.055274,-0.005379,-0.030957,0.103877,0.009737,0.146802,
1.157317,-0.576251,0.389050,-0.225523,0.093159,-0.217127,-0.113056,0.017324,-0.078597,0.031745,-0.058291,-0.010231,
1.185436,-0.494033,0.445634,-0.293775,0.157680,-0.243640,-0.092235,-0.052317,-0.147920,0.075562,-0.060358,0.022241,
1.129686,-0.391612,0.379601,-0.325035,0.226860,-0.260893,-0.164838,-0.041462,-0.047941,0.024317,-0.071735,0.092357,
1.118713,-0.550493,0.288110,-0.339470,0.107721,-0.124072,-0.086827,-0.006089,-0.013514,-0.023412,-0.068168,0.130397,
1.146423,-0.532991,0.327134,-0.385769,0.088812,-0.044532,-0.041255,-0.027473,-0.145283,-0.019091,-0.008573,0.026190,
1.149172,-0.431239,0.344603,-0.283811,0.182593,-0.070978,0.032460,-0.074289,-0.168582,-0.000639,-0.081705,-0.003995,
1.138243,-0.217777,0.342561,-0.365407,0.205287,-0.163411,0.006380,-0.026759,-0.080736,0.006335,0.047899,0.140714,
1.003152,-0.223292,0.264338,-0.406937,0.235871,-0.127912,-0.010974,-0.008500,-0.004204,0.014881,0.149740,0.204029,
1.003459,-0.420279,0.271533,-0.375246,0.236627,-0.054952,-0.001358,0.028118,-0.010978,0.117373,0.056202,0.085108,
1.097015,-0.523600,0.243552,-0.310637,0.142322,-0.153043,-0.063878,-0.022723,-0.083662,0.062324,-0.084470,-0.007545,
1.236307,-0.436605,0.280303,-0.399875,0.032101,-0.156763,-0.051195,0.042001,-0.050296,-0.003846,-0.052203,0.000764,
1.233805,-0.388915,0.276042,-0.405685,0.139450,-0.151675,0.004430,0.082414,-0.011339,-0.015020,-0.084473,0.026170,
1.148997,-0.380213,0.282682,-0.261792,0.164786,-0.079962,0.136379,0.001498,-0.036463,0.012951,-0.058814,0.084354,
1.081720,-0.348592,0.360104,-0.310616,0.119872,-0.040624,0.075775,0.019914,0.014957,0.035304,0.022125,0.094999,
1.163562,-0.415924,0.436255,-0.326797,0.130891,-0.079265,-0.040937,-0.012926,-0.031350,0.065143,0.036381,-0.001279,
1.230794,-0.353226,0.385486,-0.337833,0.131737,-0.129922,-0.074084,-0.130603,-0.076949,0.050508,0.032376,0.043396,
1.115964,-0.416590,0.232997,-0.315694,0.084111,-0.191932,0.016735,-0.213809,-0.051037,0.019106,-0.063337,0.122858,
1.162656,-0.417784,0.318051,-0.156944,0.110742,-0.221546,0.133890,-0.096226,-0.072875,-0.016474,-0.152669,0.100751,
1.267036,-0.445823,0.446303,-0.196444,0.148044,-0.128728,0.182936,-0.005195,-0.096838,0.051809,-0.132228,0.108955,
1.287009,-0.530751,0.488747,-0.248042,0.180042,0.038751,0.126663,-0.085539,-0.063167,0.156264,-0.051902,0.124380,
1.275129,-0.513358,0.476729,-0.130938,0.154552,0.109598,0.006204,-0.132697,0.040984,0.144284,-0.012948,0.030002,
1.257678,-0.560211,0.368159,-0.278956,0.119226,-0.002089,0.027756,-0.083890,-0.000170,0.097602,-0.089251,-0.006367,
1.202726,-0.579956,0.373626,-0.398269,0.102855,-0.180866,-0.016987,0.011429,-0.122986,0.013785,-0.083250,0.022635,
1.162050,-0.482485,0.430277,-0.289612,0.279678,-0.069293,0.075065,0.109179,-0.039069,-0.076858,-0.062191,0.125666,
1.029350,-0.427133,0.450538,-0.207126,0.382793,0.012912,0.182450,0.104527,-0.075359,-0.085584,-0.103274,0.081932,
1.033164,-0.470232,0.507245,-0.252565,0.250515,0.041277,0.017780,-0.047656,-0.105439,-0.015191,-0.058336,0.089814,
1.070149,-0.476221,0.389546,-0.292310,0.131610,-0.072288,0.014188,-0.107139,-0.129244,0.139986,-0.028260,-0.004027,
1.201833,-0.424307,0.441761,-0.312795,0.215914,0.016565,0.135322,0.022662,-0.062674,0.227761,-0.022066,-0.018789,
1.239705,-0.376928,0.443715,-0.350213,0.225710,0.083849,0.091923,0.060881,-0.051772,0.012528,-0.060408,0.047629,
1.240968,-0.351556,0.267351,-0.374053,0.200211,-0.037750,-0.035838,0.052402,0.061123,-0.155754,-0.176656,0.055412,
1.167661,-0.392752,0.392336,-0.362244,0.102767,-0.118302,0.017538,0.090452,0.004286,-0.047961,-0.136639,0.048178,
1.038455,-0.368514,0.389961,-0.360195,0.116900,-0.121387,0.099257,0.028433,-0.133033,0.024195,-0.022390,0.079305,
1.202146,-0.348910,0.378306,-0.397001,0.133464,-0.090685,0.117467,-0.000772,-0.140656,0.036406,-0.089503,0.088524,
1.294813,-0.328799,0.441230,-0.357752,0.191347,-0.099445,0.030708,-0.024040,-0.145009,-0.046441,-0.113631,0.105126,
1.240917,-0.433749,0.376891,-0.386816,0.208936,-0.117631,-0.046776,-0.031023,-0.075175,-0.024040,-0.042412,0.150588,
1.264978,-0.474588,0.386232,-0.428286,0.086785,-0.159121,-0.009876,-0.026626,-0.086276,-0.000968,-0.098573,0.154246,
1.279717,-0.438733,0.340649,-0.313267,0.025622,-0.219227,0.100269,-0.098348,-0.115170,-0.035209,-0.132588,0.205877,
1.198094,-0.559204,0.308114,-0.151938,0.158887,-0.191855,0.075060,-0.125523,-0.084595,0.135998,-0.100278,0.180602,
1.299885,-0.561195,0.353631,-0.133787,0.243678,-0.070812,0.074718,-0.065521,-0.050830,0.132448,-0.104688,0.101452,
1.264450,-0.466758,0.389499,-0.192165,0.195875,-0.089408,0.139404,-0.069269,-0.135058,0.108327,-0.114224,0.026664,
1.159144,-0.436988,0.324856,-0.219597,0.080509,-0.165542,0.131610,-0.129428,-0.172671,0.078069,-0.040839,0.002962,
1.183649,-0.260949,0.296045,-0.266718,0.107992,-0.145385,0.118147,-0.008185,-0.151359,-0.001423,-0.020386,0.024704,
1.229440,-0.357251,0.406597,-0.317628,0.152966,-0.166516,0.009195,0.076864,-0.094235,-0.029165,-0.061457,0.011394,
1.270375,-0.499725,0.629890,-0.301100,0.105881,-0.130658,-0.061008,0.081545,-0.112330,0.023863,-0.103312,-0.065726,
1.249557,-0.492961,0.538481,-0.324835,0.082918,-0.134176,-0.104284,0.076342,-0.083832,0.064720,-0.073303,-0.104189,
1.214719,-0.322419,0.458404,-0.323986,0.185649,-0.091469,-0.060842,0.045892,-0.029015,0.044520,-0.083497,-0.000625,
1.296431,-0.333889,0.437957,-0.297421,0.219714,-0.036786,0.021594,0.042869,-0.104607,-0.029850,-0.156366,-0.011290,
1.251416,-0.229244,0.456444,-0.211135,0.232315,-0.085880,0.053233,0.108073,-0.050228,0.003805,-0.104780,-0.021005,
1.252820,-0.248802,0.433344,-0.274043,0.244172,-0.110865,0.008239,0.136438,-0.108169,-0.039375,-0.059080,0.001098,
1.300657,-0.357867,0.436349,-0.320764,0.132485,-0.195584,0.023334,0.116528,-0.133463,-0.095782,-0.126466,0.030925,
1.253590,-0.481206,0.459890,-0.313214,0.117783,-0.097257,0.006419,0.040451,-0.139941,-0.059542,-0.087818,-0.015976,
1.167494,-0.511198,0.344617,-0.250668,0.145952,-0.132173,0.023682,0.059588,-0.014066,-0.055485,-0.107515,0.054010,
1.120669,-0.355920,0.308145,-0.251770,0.115743,-0.186513,0.011523,0.009337,-0.015413,-0.189529,-0.154048,0.111730,
1.190322,-0.328968,0.416642,-0.180115,0.055732,-0.188743,0.054387,0.024378,-0.050426,-0.022723,-0.110131,0.072997,
1.187597,-0.341843,0.525437,-0.248327,0.139205,-0.061532,0.124509,-0.017696,-0.092156,0.064186,0.016557,0.176997,
1.183396,-0.296413,0.519307,-0.231383,0.133723,-0.090582,0.066728,0.052788,-0.092709,-0.036548,-0.041451,0.102549,
1.214394,-0.357120,0.394066,-0.200652,0.152220,-0.144904,0.074755,0.048556,-0.167199,-0.020386,-0.164276,-0.039022,
1.136564,-0.348184,0.380277,-0.284276,0.279336,-0.107831,0.066141,-0.029832,-0.056858,0.098491,-0.101959,0.047708,
1.166343,-0.400960,0.396920,-0.315278,0.299850,-0.021298,0.013886,0.002213,0.027710,0.117575,-0.029899,0.100866,
1.281255,-0.459906,0.408984,-0.248548,0.248548,-0.028371,-0.064108,0.062063,0.070279,0.107083,-0.086302,0.033252,
1.247865,-0.398828,0.425088,-0.128212,0.151321,-0.090875,0.021934,0.062122,0.010353,0.086197,-0.083484,0.026497,
1.178204,-0.384368,0.440720,-0.172961,0.073397,-0.145553,0.039801,-0.133168,-0.079774,0.059856,-0.087462,0.072328,
1.108671,-0.305720,0.413762,-0.282421,0.110871,-0.157614,0.023373,-0.160705,-0.058127,0.007492,-0.051464,0.159669,
1.045607,-0.316629,0.298410,-0.334615,0.249400,-0.191507,-0.093576,-0.078104,-0.053836,-0.057552,-0.125201,0.110900,
1.256120,-0.374762,0.302344,-0.184444,0.268722,-0.105485,-0.039149,-0.006186,-0.027181,0.016727,-0.083160,0.123324,
1.313311,-0.434878,0.357475,-0.262714,0.236723,-0.044164,0.092352,0.053601,0.022690,-0.012796,-0.091855,0.175908,
1.233566,-0.387018,0.389087,-0.359232,0.238818,-0.048530,0.190405,0.081005,0.081961,0.043212,-0.091982,0.215316,
1.212831,-0.385381,0.425957,-0.357143,0.376365,0.005686,0.123118,0.185297,0.015106,0.072968,-0.058385,0.069545,
1.137903,-0.370832,0.449237,-0.227356,0.266408,-0.068297,0.075524,0.116665,-0.044238,0.071891,-0.067079,0.040061,
1.101942,-0.395471,0.519785,-0.244745,0.142490,-0.081832,-0.021210,0.099145,0.006158,0.064117,-0.002817,0.015098,
1.234111,-0.366961,0.580448,-0.300529,0.197308,-0.071605,-0.029069,0.090564,-0.039675,0.046941,0.051484,0.052745,
1.185367,-0.350118,0.586095,-0.158687,0.190230,-0.076764,0.105734,-0.045704,-0.164841,0.014344,-0.016767,0.128626,
1.207271,-0.504611,0.483874,-0.169564,0.102044,-0.060850,0.096457,-0.058914,-0.075628,0.079074,0.003674,0.144068,
1.275855,-0.553914,0.448570,-0.214462,0.215014,-0.148605,-0.019352,0.020522,-0.048324,0.088313,-0.083294,0.045471,
1.260600,-0.390366,0.459939,-0.250482,0.288533,-0.074576,-0.001341,0.106420,-0.082446,-0.008611,-0.100843,0.053390,
1.232921,-0.259399,0.426872,-0.346461,0.175784,-0.106710,0.002186,0.026247,-0.042044,0.018006,-0.080520,0.108979,
1.175571,-0.299834,0.360229,-0.248622,0.142850,-0.204829,0.006902,0.055987,-0.062220,0.022772,-0.033360,0.072851,
1.119397,-0.339514,0.332457,-0.290335,0.163976,-0.165816,-0.003006,0.061377,-0.166566,-0.013873,-0.005615,0.106961,
1.213265,-0.386062,0.452305,-0.405120,0.139021,-0.109878,-0.071064,0.070798,-0.102672,0.087158,0.009633,0.078987,
1.194510,-0.458636,0.500231,-0.284548,0.185141,-0.158767,-0.112488,0.216610,0.069061,0.075841,-0.065569,-0.043242,
1.278007,-0.442633,0.338868,-0.140413,0.186300,-0.169363,-0.062251,0.059854,0.048888,-0.025590,-0.118180,0.023593,
1.224219,-0.329576,0.307476,-0.242942,0.065564,-0.141125,0.021904,-0.064849,-0.065603,-0.087115,-0.106127,0.090020,
1.196709,-0.330339,0.388492,-0.294064,0.093896,-0.025937,0.191746,-0.075930,-0.093583,-0.071483,-0.199401,0.108155,
1.284746,-0.440402,0.500449,-0.400228,0.116175,-0.040748,0.039403,-0.017102,-0.168147,-0.028952,-0.128674,0.032196,
1.311641,-0.485337,0.563763,-0.418306,0.134430,-0.074516,-0.046301,0.053446,-0.101428,0.051901,-0.033974,0.049576,
1.315573,-0.473977,0.392363,-0.369420,0.266082,-0.127682,-0.040577,-0.007649,-0.046378,0.126666,-0.058849,0.169971,
1.293068,-0.468764,0.231208,-0.323251,0.234456,-0.126530,-0.033935,-0.023675,-0.023880,0.128550,-0.157174,0.040655,
1.007183,-0.427587,0.223057,-0.355759,0.077311,-0.071817,0.075029,0.005229,-0.012462,0.043206,-0.123460,0.015747,
1.131062,-0.251959,0.357294,-0.432727,0.074351,-0.044308,0.034220,-0.083030,-0.038447,0.039219,-0.068461,0.069248,
1.215041,-0.315827,0.516061,-0.262103,0.216519,-0.040975,-0.011456,-0.038919,-0.082033,0.105597,-0.092060,0.006367,
1.177426,-0.324814,0.508309,-0.265174,0.248009,0.027534,0.048842,-0.024770,-0.105548,0.045675,-0.061912,0.028279,
1.190513,-0.374684,0.384889,-0.316189,0.188832,0.068040,0.046082,-0.079846,-0.071965,-0.063084,-0.113287,0.073905,
1.172123,-0.410014,0.393978,-0.271385,0.163162,0.016427,0.035686,-0.038667,-0.059327,-0.080193,-0.130947,0.099967,
1.252379,-0.329772,0.362422,-0.324974,0.159738,-0.128914,-0.109786,-0.010227,-0.013260,-0.037065,-0.082851,0.033424,
1.275794,-0.407569,0.412903,-0.284107,0.114529,-0.173003,-0.073320,-0.008830,0.069211,0.173441,-0.071878,0.006622,
1.192426,-0.441377,0.353687,-0.273666,0.019254,-0.208902,0.201642,0.045923,0.046697,0.226794,-0.098898,0.098935,
1.253768,-0.398436,0.374774,-0.314194,-0.020201,-0.243813,0.128453,0.079862,0.028745,0.172373,-0.071318,0.073864,
1.190317,-0.332222,0.353136,-0.332429,0.041519,-0.181538,0.071808,0.074714,0.038255,0.033353,-0.007325,0.152737,
1.177290,-0.416965,0.255086,-0.351685,0.124906,-0.169265,0.060147,-0.023038,-0.019355,-0.023881,-0.009189,0.225012,
1.289733,-0.322953,0.453725,-0.282468,0.193759,-0.106929,0.059223,-0.057133,-0.106281,0.088578,0.121632,0.115235,
1.230056,-0.295238,0.460960,-0.215592,0.195884,-0.217188,0.007781,0.050266,-0.052203,0.077607,0.076157,0.078996,
1.234320,-0.526003,0.506965,-0.271677,0.142112,-0.190535,-0.095712,0.096631,-0.126288,-0.001920,0.000989,0.009294,
1.368494,-0.573434,0.590923,-0.303690,0.149730,-0.076271,-0.123246,0.112230,-0.133033,-0.087414,0.023454,0.028623,
1.281784,-0.446438,0.539375,-0.366014,0.181397,-0.123571,-0.139171,0.109856,-0.109031,-0.039245,-0.011086,0.003761,
1.267504,-0.452820,0.482333,-0.305042,0.214685,-0.162417,-0.093985,0.052460,-0.128899,0.017922,0.039507,0.099695,
1.233969,-0.487881,0.420784,-0.267114,0.135136,-0.097709,-0.114108,-0.003956,-0.081938,0.054776,0.114506,0.015527,
1.286660,-0.407185,0.476473,-0.177932,0.079718,-0.206753,-0.059781,0.014046,-0.031776,0.020177,0.011764,-0.003335,
1.300485,-0.416117,0.369213,-0.231868,0.226668,-0.171613,0.022304,-0.011413,-0.109571,0.004040,-0.073012,0.053089,
1.210970,-0.350556,0.418367,-0.304515,0.270015,-0.076778,-0.058593,-0.015351,-0.025651,-0.008123,-0.027240,0.104123,
1.328993,-0.407519,0.430797,-0.265935,0.182844,-0.143913,0.037969,0.030662,-0.018944,-0.026189,-0.073062,0.175911,
1.358445,-0.425805,0.445249,-0.299297,0.177478,-0.108760,0.090440,0.084311,-0.042773,-0.027997,-0.134461,0.119162,
1.352636,-0.318222,0.421938,-0.170163,0.324648,-0.084273,0.119307,0.042485,-0.051175,0.030707,-0.175155,0.064845,
1.315874,-0.385454,0.472656,-0.166287,0.300902,-0.146925,0.057367,0.095124,-0.100123,0.004355,-0.125155,0.098866,
1.169974,-0.508680,0.514333,-0.268558,0.202654,-0.144878,0.021361,0.141127,-0.032750,0.044789,-0.098338,0.049612,
1.066124,-0.499660,0.612480,-0.316603,0.108588,-0.024574,0.090808,0.137954,0.015356,0.084473,-0.041935,-0.022882,
0.997659,-0.482549,0.634135,-0.367868,0.074956,-0.012317,0.029553,0.047314,-0.054162,0.099450,0.022199,-0.051472,
1.068858,-0.430124,0.486470,-0.235084,0.177651,-0.151684,-0.076916,-0.037690,-0.017601,0.115723,0.036392,0.054355,
1.283870,-0.396238,0.403913,-0.187954,0.270334,-0.109649,0.015609,0.000217,0.071665,0.181912,-0.000349,0.115876,
1.309225,-0.394308,0.554277,-0.247569,0.206834,-0.011587,-0.058315,0.085284,0.129927,0.111361,-0.071975,0.072261,
1.245359,-0.353087,0.452729,-0.322440,0.195158,-0.067709,-0.114513,-0.089139,0.038057,0.063714,-0.212929,0.038584,
1.276223,-0.358995,0.357116,-0.335116,0.174100,-0.065566,0.019899,-0.038417,-0.102074,0.094654,-0.087050,-0.006856,
1.374466,-0.354419,0.393413,-0.269697,0.303422,0.002163,0.031598,0.054130,-0.095056,0.135299,0.061421,0.012464,
1.284463,-0.317822,0.281258,-0.336872,0.319762,-0.050792,0.043521,0.106510,0.011290,0.101856,-0.033303,0.016269,
1.282427,-0.371698,0.327177,-0.319371,0.136125,-0.122175,0.103563,0.134582,-0.032281,0.000745,-0.054982,0.027445,
1.231543,-0.529630,0.338989,-0.217781,0.183926,-0.134335,0.102354,0.103900,0.005277,0.106368,-0.066422,0.024518,
1.144478,-0.501668,0.399776,-0.248951,0.166206,-0.156103,0.082830,0.028104,-0.001742,0.049254,-0.043959,0.194879,
1.185038,-0.340262,0.443132,-0.284351,0.093277,-0.144019,0.179143,0.078664,-0.052882,0.058474,-0.041252,0.161466,
1.277166,-0.401185,0.332286,-0.204318,0.092344,-0.089144,0.142244,0.022448,-0.081349,0.101348,-0.005931,0.067699,
