1.233406,-0.328226,0.438424,-0.326926,0.188395,-0.074010,0.073290,-0.033606,-0.148220,0.022111,0.007489,0.152994,
1.207811,-0.257446,0.546470,-0.275220,0.158364,-0.107391,0.076697,-0.037139,-0.149640,0.072411,0.063342,0.125855,
1.248684,-0.302976,0.517473,-0.332353,0.158539,-0.117354,0.059464,0.074792,-0.138468,0.049753,0.018494,0.019413,
1.291315,-0.269220,0.432954,-0.182411,0.218199,-0.125381,0.084113,0.134118,-0.070475,0.089704,0.102497,0.034898,
1.215421,-0.270261,0.396996,-0.117164,0.236731,-0.135361,0.086424,0.100810,-0.038502,0.160378,0.099738,0.049647,
1.154602,-0.292858,0.382651,-0.196695,0.307723,-0.089067,0.030659,0.072528,-0.052134,0.035343,0.013389,0.019077,
1.237983,-0.313319,0.321509,-0.203512,0.279982,-0.108490,0.127234,0.007604,-0.022734,0.072481,-0.019638,0.114715,
1.341097,-0.382989,0.414785,-0.226510,0.268885,-0.079299,0.083695,-0.012947,-0.052582,0.185537,-0.058308,0.056121,
1.199362,-0.438864,0.482766,-0.234937,0.202751,0.024384,0.077145,0.021034,-0.045619,0.055097,-0.050879,0.015896,
1.197825,-0.392638,0.383658,-0.267662,0.076514,0.027640,0.081243,-0.032924,0.041636,0.012646,-0.078421,0.052833,
1.294743,-0.412343,0.407452,-0.183125,0.075304,-0.075097,-0.053827,-0.077317,0.014045,0.084615,-0.120161,-0.057321,
1.286549,-0.418320,0.450449,-0.290736,0.162473,0.032137,-0.107386,-0.035163,-0.048464,0.066769,-0.075464,-0.084235,
1.126346,-0.408948,0.456455,-0.277859,0.274205,-0.071844,-0.090258,0.018527,0.010255,-0.008030,-0.205766,0.020306,
1.081012,-0.431730,0.540318,-0.192399,0.236898,-0.123587,-0.075868,-0.009101,-0.017886,0.000914,-0.165649,0.074113,
1.304048,-0.336301,0.572999,-0.212264,0.237336,-0.065843,-0.154434,0.045746,-0.173983,0.001700,0.057729,-0.073193,
1.332525,-0.329079,0.552755,-0.281850,0.179693,-0.083775,-0.066816,0.019882,-0.223270,0.019197,0.052610,0.041966,
1.235272,-0.465186,0.447571,-0.292213,0.091928,-0.150649,-0.020174,0.070394,-0.078342,0.006051,-0.043050,0.133702,
1.141033,-0.529024,0.471491,-0.232128,0.075374,-0.104655,0.108062,0.110775,-0.085145,0.069344,-0.026998,0.002075,
1.200633,-0.508929,0.517147,-0.210755,0.117115,-0.013461,0.166279,0.039412,-0.064297,0.147845,0.016619,-0.012855,
1.133411,-0.435495,0.471352,-0.278755,0.198313,0.036189,0.105209,0.021823,-0.035533,0.098484,0.024880,-0.009780,
1.079649,-0.375515,0.377676,-0.335926,0.108996,-0.165891,-0.049934,-0.008641,-0.064881,0.101239,0.015699,0.009270,
1.055413,-0.321237,0.299316,-0.402099,0.133894,-0.246367,-0.124794,0.079951,-0.021743,0.048262,-0.026298,0.050630,
1.074390,-0.351496,0.399032,-0.389901,0.097308,-0.184066,-0.035789,0.066602,-0.118840,-0.025612,-0.039944,-0.034754,
1.114279,-0.350558,0.390440,-0.271028,0.136432,-0.163719,0.040267,0.020663,-0.113232,-0.010843,0.053077,0.080065,
1.132110,-0.412409,0.372567,-0.166532,0.123286,-0.233669,0.050412,-0.103775,0.006614,0.052981,-0.111523,0.148237,
1.192537,-0.450560,0.317554,-0.279907,0.082429,-0.145538,0.112396,-0.070917,0.071307,0.096211,-0.213783,0.095705,
1.172819,-0.400864,0.434857,-0.243490,0.141718,-0.114395,0.210009,0.031099,-0.007985,0.185400,-0.031932,0.106077,
1.154217,-0.388331,0.490208,-0.272570,0.274830,-0.060566,0.120053,0.034083,-0.092936,0.078800,0.018909,0.210028,
1.227364,-0.404222,0.430039,-0.206967,0.283717,-0.097967,0.035100,-0.076237,-0.144642,0.055842,-0.046374,0.224624,
1.178239,-0.418456,0.460514,-0.204570,0.278579,-0.089919,0.010398,-0.011069,-0.125519,0.089337,-0.040860,0.110606,
1.135623,-0.383841,0.479558,-0.245052,0.184557,-0.080520,0.038588,-0.026875,-0.019238,0.002347,-0.145924,0.083557,
1.108350,-0.397598,0.423632,-0.352104,0.149225,-0.020835,0.007445,-0.042727,-0.087949,-0.104891,-0.137222,0.075077,
1.138380,-0.361769,0.354078,-0.368160,0.201409,-0.027680,0.005700,0.033989,-0.051998,-0.085284,-0.059568,0.074393,
0.977779,-0.214258,0.259564,-0.228570,0.232872,-0.060993,-0.014198,0.035604,0.043923,-0.057542,-0.012103,0.015215,
0.769946,-0.157873,0.394917,-0.414748,0.280373,0.021104,-0.058783,0.011198,0.020329,0.106129,-0.001104,-0.033348,
0.909180,-0.352608,0.459442,-0.504224,0.292241,-0.094044,-0.162206,0.058138,-0.088058,0.073890,0.037470,0.041834,
1.048444,-0.402777,0.385903,-0.339510,0.239553,-0.196424,-0.145644,0.045511,-0.043891,0.014733,0.017793,0.095277,
1.033112,-0.449152,0.388966,-0.284673,0.164329,-0.079920,-0.114707,-0.078839,-0.057353,-0.092174,-0.081120,0.036721,
1.008818,-0.578970,0.432360,-0.333571,0.140028,0.017979,-0.107962,-0.165904,-0.108923,-0.007430,-0.087203,0.011068,
1.009630,-0.488528,0.416139,-0.384625,0.115753,-0.021562,-0.029650,-0.062236,-0.174124,0.041630,-0.017397,-0.004251,
1.022472,-0.506346,0.341053,-0.377754,0.169501,-0.077784,-0.059894,0.038567,-0.061601,0.083975,0.075073,0.012864,
1.154165,-0.451437,0.344996,-0.300319,0.165041,-0.155891,-0.113691,-0.040393,0.046219,0.131552,-0.023290,0.074176,
1.182847,-0.352857,0.420163,-0.245446,0.099317,-0.154027,-0.058097,0.012160,0.043669,0.159732,-0.056961,-0.023714,
1.255552,-0.381172,0.406942,-0.193569,0.167490,-0.108371,0.032289,0.042653,-0.051678,0.132658,0.003184,-0.001685,
1.203921,-0.360837,0.443324,-0.209649,0.091223,-0.116827,0.010023,-0.114363,-0.157732,-0.034241,0.015737,0.145217,
1.132970,-0.429509,0.448646,-0.231140,0.056715,-0.137564,-0.078401,-0.157958,-0.152683,-0.034015,0.037070,0.101512,
1.242489,-0.448859,0.454385,-0.156213,0.145560,-0.109945,-0.013121,-0.036206,-0.066111,0.050541,-0.002738,0.133498,
1.234869,-0.391784,0.498521,-0.206438,0.121281,-0.061678,0.073200,0.033254,-0.044312,0.043151,-0.001712,0.117126,
1.220520,-0.440230,0.433211,-0.316639,0.117343,0.018345,0.103235,0.053109,-0.061202,-0.001786,-0.009640,0.045274,
1.208434,-0.431799,0.372871,-0.481755,0.172673,0.028607,0.050300,0.070288,-0.027248,0.006525,-0.052516,0.091274,
1.260289,-0.449109,0.448779,-0.434995,0.190391,0.087804,0.104279,0.129984,-0.032326,0.005544,-0.049266,0.040060,
1.251638,-0.330627,0.429103,-0.242265,0.039331,0.025723,0.145242,0.064471,0.002818,-0.060858,-0.082510,0.063369,
1.218427,-0.242091,0.473003,-0.208892,0.115782,0.010713,0.085705,0.034024,0.099103,-0.027403,-0.125538,0.088595,
1.092225,-0.347268,0.463367,-0.402323,0.136027,-0.039521,0.003603,-0.028128,0.003398,0.045307,0.007264,0.177886,
1.122316,-0.479263,0.442309,-0.400163,0.111122,-0.074053,0.051206,0.007230,-0.106753,0.080227,0.089115,0.197940,
1.209693,-0.417088,0.400548,-0.392740,0.170212,-0.091043,0.039015,0.083562,-0.166800,-0.061977,0.028911,0.098985,
1.257257,-0.374555,0.333099,-0.382186,0.149458,-0.141839,-0.030114,0.083245,-0.133863,-0.114603,-0.038838,0.048219,
1.195192,-0.359928,0.383622,-0.440188,0.118633,-0.125666,0.010352,0.093455,-0.055894,0.008897,0.023629,0.097294,
1.183084,-0.477590,0.328707,-0.401357,0.139975,-0.146106,-0.028542,0.095256,-0.022114,0.042909,-0.018886,0.037004,
1.216446,-0.509086,0.304904,-0.238557,0.219824,-0.101441,0.074910,-0.040511,-0.050301,0.097001,-0.060339,0.011199,
1.191678,-0.436829,0.435947,-0.149496,0.299000,-0.100546,0.013815,-0.051773,0.012144,0.148284,-0.004155,0.065247,
1.269645,-0.392528,0.432888,-0.147995,0.226899,-0.153999,-0.043803,0.017323,-0.025081,0.088122,-0.041602,0.014412,
1.331526,-0.340492,0.439096,-0.192041,0.254811,-0.056227,0.009887,0.038010,-0.062098,0.019344,-0.095156,-0.002338,
1.232334,-0.340771,0.414017,-0.178880,0.219975,-0.141247,0.002567,0.051445,-0.036918,-0.006036,-0.073248,0.045634,
1.269474,-0.408138,0.331170,-0.209135,0.242190,-0.242343,-0.108649,0.043092,0.014159,0.069202,-0.069180,0.050918,
1.361638,-0.499604,0.344482,-0.292092,0.213167,-0.073927,0.086149,0.012474,0.033174,0.177916,-0.076390,0.132705,
1.348531,-0.420809,0.419683,-0.200240,0.152097,-0.131388,0.157681,0.032651,0.018882,0.133756,-0.121792,0.095543,
1.317286,-0.395171,0.435891,-0.249996,0.107201,-0.152603,0.065884,0.028680,-0.042898,0.050182,-0.145033,0.013881,
1.220765,-0.437754,0.451283,-0.241940,0.190674,-0.111303,0.021592,-0.067292,-0.045514,0.041268,-0.195616,0.065399,
1.091283,-0.368149,0.372994,-0.343130,0.133815,-0.201570,-0.010341,-0.028720,0.024471,0.085965,-0.203077,-0.013265,
1.207606,-0.367629,0.356123,-0.377840,0.158668,-0.178835,-0.029370,0.043289,-0.120186,-0.012602,-0.078260,-0.061925,
1.320178,-0.274678,0.368319,-0.406325,0.170009,-0.091603,-0.090112,-0.045014,-0.065729,-0.040063,0.023798,0.111923,
1.177652,-0.261799,0.393646,-0.440205,0.233167,-0.093235,-0.020798,-0.029532,-0.087264,-0.013826,-0.016109,0.154346,
1.162373,-0.392560,0.392150,-0.261686,0.268330,-0.188063,-0.003629,0.052328,-0.112492,-0.079470,-0.153888,0.115828,
1.201079,-0.423367,0.473112,-0.179656,0.203800,-0.200719,-0.017928,-0.019009,-0.060626,-0.016672,-0.168533,0.137958,
1.200648,-0.322363,0.540323,-0.213759,0.182083,-0.164305,0.027835,0.070180,-0.012864,0.046221,-0.072031,0.108367,
1.217989,-0.484173,0.435924,-0.295818,0.203590,-0.122426,0.003138,0.113960,-0.066296,-0.000317,-0.032772,0.135835,
1.064250,-0.598782,0.340827,-0.215782,0.040243,-0.215051,0.013959,-0.036883,-0.094290,-0.112140,-0.098153,0.179718,
1.094941,-0.540757,0.299017,-0.297703,-0.017694,-0.313890,-0.025083,-0.006251,-0.034631,-0.068970,-0.087284,0.123027,
1.183116,-0.447894,0.327590,-0.326533,0.058167,-0.206604,-0.038037,-0.059896,-0.045798,-0.135800,-0.086067,0.153955,
1.125418,-0.366734,0.492456,-0.248554,0.053033,-0.091437,0.076421,-0.066809,-0.045581,-0.014167,-0.117056,0.119918,
1.099114,-0.457649,0.395552,-0.201026,0.105503,-0.058330,0.121891,-0.017189,-0.035399,0.149682,-0.062350,0.047557,
1.240046,-0.543165,0.417052,-0.247259,0.136642,-0.111051,0.059331,0.019919,-0.024362,0.182326,0.006235,0.057808,
1.278912,-0.402444,0.377669,-0.313026,0.194562,-0.104222,-0.006314,0.023863,0.015944,0.029261,-0.071621,0.111186,
1.289646,-0.368700,0.355141,-0.304230,0.195142,-0.119599,0.035022,-0.034854,-0.033023,-0.064610,-0.177795,0.174136,
1.264048,-0.499761,0.398146,-0.241244,0.182469,-0.186712,-0.009855,-0.086024,-0.000591,0.071352,-0.195677,0.143254,
1.295654,-0.360096,0.551704,-0.196355,0.191205,-0.108406,-0.025724,-0.088688,0.034858,0.121904,-0.115391,0.074495,
1.179743,-0.284228,0.453085,-0.188453,0.180946,0.051925,0.083007,-0.064097,0.054813,0.136018,-0.002657,0.038044,
1.218981,-0.345717,0.504683,-0.270820,0.106073,-0.001934,-0.031485,-0.034536,0.012602,0.105642,-0.056108,0.000091,
1.206346,-0.388784,0.538292,-0.321427,0.030177,-0.167997,-0.052216,0.016580,-0.010599,0.037991,-0.096530,-0.007422,
1.238698,-0.351552,0.524081,-0.346491,0.090424,-0.170545,-0.096385,0.046424,-0.005788,0.036467,-0.078137,0.014312,
1.332497,-0.314144,0.486006,-0.275448,0.175904,-0.148859,-0.034200,0.038900,0.072544,0.096943,-0.148272,0.025162,
1.341362,-0.386354,0.397843,-0.246491,0.145893,-0.072486,0.156753,-0.063450,0.024945,0.142242,-0.170147,0.009898,
1.244128,-0.360386,0.299790,-0.250318,0.172987,-0.133443,0.139442,-0.073676,-0.017655,0.115380,-0.050425,0.148002,
1.239471,-0.481767,0.310498,-0.237620,0.189516,-0.135227,0.081344,0.006639,-0.047833,0.029822,-0.051754,0.142452,
1.327142,-0.560820,0.452364,-0.288495,0.152633,-0.051921,-0.029900,0.018604,-0.124889,0.011614,-0.038534,-0.006315,
1.303084,-0.486103,0.524922,-0.336104,0.212453,-0.057289,-0.115336,0.022231,-0.061788,0.044897,0.035196,0.065093,
1.241621,-0.487007,0.551847,-0.281406,0.260084,-0.001818,-0.027416,0.036688,-0.000384,0.093131,0.086337,0.158981,
1.384001,-0.511359,0.551058,-0.329348,0.127570,-0.011289,0.060451,0.102659,-0.032827,0.060317,-0.001493,0.157317,
1.264539,-0.441443,0.493101,-0.366594,0.077384,-0.098764,0.013747,0.148982,-0.108651,-0.065652,0.000764,0.095689,
1.130686,-0.422406,0.421482,-0.243546,0.211140,-0.118818,-0.014585,0.131849,-0.053861,-0.039572,0.021544,0.131377,
1.176713,-0.329520,0.435284,-0.193054,0.223489,-0.085543,0.009287,0.049791,-0.011994,0.035018,-0.013043,0.143742,
1.312527,-0.401840,0.496847,-0.174007,0.157806,-0.044488,0.059780,-0.123595,-0.035495,0.077241,-0.013877,0.206034,
1.197454,-0.435841,0.415778,-0.225642,0.108518,-0.116113,0.076162,-0.117163,-0.074370,0.052629,-0.016640,0.192772,
1.087797,-0.375462,0.339607,-0.223796,0.172462,-0.147092,0.038617,-0.051336,0.040696,-0.046635,-0.079668,0.163113,
1.028902,-0.434379,0.367509,-0.276075,0.146806,-0.083063,0.105565,-0.053028,-0.100833,-0.078750,-0.021099,0.175983,
1.026305,-0.524806,0.436526,-0.264305,0.122901,-0.161626,0.004791,-0.097315,-0.144364,-0.051835,-0.061148,0.172094,
1.195933,-0.555905,0.303774,-0.246985,0.078229,-0.270088,-0.013262,-0.087962,-0.028850,0.025932,-0.128591,0.133169,
1.301622,-0.511008,0.352224,-0.270028,0.077208,-0.216100,0.030614,-0.034860,0.000512,0.117908,-0.156028,0.019070,
1.201328,-0.419775,0.539804,-0.226710,0.077903,-0.129693,0.012702,0.003686,0.001078,0.173470,0.004347,0.031607,
1.220440,-0.368323,0.434529,-0.266109,0.140827,-0.186750,0.003698,0.065159,-0.052526,0.065134,0.013078,0.090471,
1.235220,-0.402442,0.343852,-0.297054,0.218445,-0.156610,-0.003589,0.101985,-0.073255,-0.018652,0.022446,0.121065,
1.198704,-0.495318,0.421250,-0.174856,0.159555,-0.036741,0.047682,0.086606,-0.034771,-0.055189,-0.050827,0.092959,
1.102347,-0.512295,0.473962,-0.199569,0.229448,0.026898,-0.019015,0.087032,-0.051979,0.024850,-0.029242,0.014026,
1.063876,-0.488967,0.439219,-0.217654,0.251728,-0.028644,0.013634,0.005999,-0.059934,0.033858,-0.119034,-0.022853,
1.187359,-0.443141,0.425701,-0.298753,0.202127,-0.066585,0.027028,-0.020344,-0.038524,0.106702,-0.090167,-0.034668,
1.299999,-0.447173,0.402323,-0.306979,0.197209,-0.131134,0.019536,-0.080196,-0.062016,0.155045,-0.059152,0.008467,
1.238427,-0.405446,0.518473,-0.291223,0.182684,-0.133255,0.048076,-0.026354,-0.069563,0.123830,-0.028919,0.064075,
1.198217,-0.394205,0.500327,-0.272175,0.218412,-0.080295,0.075023,0.115959,-0.062026,0.125056,0.047381,0.028173,
1.354163,-0.368133,0.534188,-0.178372,0.238571,-0.024057,0.087716,0.068798,-0.024163,0.180567,0.022970,0.064376,
1.345221,-0.430286,0.506731,-0.261140,0.175618,0.044575,0.029201,0.044307,-0.049035,0.206696,0.073494,0.036705,
1.260554,-0.587858,0.422776,-0.382539,0.152499,-0.001598,-0.064293,0.108888,-0.014164,0.146220,0.121132,0.086643,
1.383015,-0.492877,0.385149,-0.380945,0.156309,-0.028974,-0.022856,0.126754,-0.022800,0.010456,0.043069,0.050021,
1.296480,-0.338434,0.476592,-0.240589,0.182985,-0.100858,0.118010,0.010112,0.033016,0.128366,-0.064568,0.120753,
1.087178,-0.421330,0.549580,-0.235611,0.186816,-0.133937,0.076496,-0.065125,-0.001101,0.156455,-0.068822,0.044823,
1.077091,-0.552623,0.417165,-0.343346,0.181250,-0.041492,-0.056246,-0.102224,0.028673,0.150840,-0.115106,-0.051582,
1.238394,-0.445617,0.313469,-0.344553,0.317198,-0.017351,-0.044892,0.031816,-0.036563,0.062455,-0.196521,-0.077361,
1.268856,-0.485982,0.322147,-0.303997,0.285377,-0.028611,0.036916,0.080827,-0.106508,-0.013201,-0.226480,-0.093584,
1.185272,-0.497298,0.358006,-0.401827,0.119835,-0.011842,-0.056565,0.039061,-0.122420,-0.050351,-0.105970,-0.085779,
1.127175,-0.328697,0.395638,-0.344053,0.175157,-0.037554,0.009385,0.065908,-0.056681,-0.063883,-0.091854,0.024723,
1.109697,-0.320988,0.395367,-0.334539,0.296195,-0.126306,0.060078,0.149289,-0.017707,-0.046604,-0.160695,0.037279,
1.119517,-0.351667,0.403541,-0.334363,0.274582,-0.167154,-0.006505,0.162184,-0.037587,0.024531,-0.044137,0.047803,
1.268690,-0.369558,0.352869,-0.237213,0.205963,-0.141327,-0.091682,-0.017639,-0.034669,0.075832,-0.000263,0.078213,
1.203654,-0.377190,0.427591,-0.296386,0.119314,-0.169698,-0.076906,-0.025704,-0.030846,0.047626,-0.108969,0.033263,
0.994883,-0.456702,0.416688,-0.386023,0.091356,-0.238123,-0.139263,-0.010641,0.035878,0.062364,-0.127652,0.005646,
0.850362,-0.436077,0.286971,-0.426294,0.153843,-0.175944,-0.068386,0.005660,0.112490,0.016495,-0.065137,0.112419,
0.904010,-0.345389,0.329471,-0.358420,0.248349,-0.066039,-0.045439,0.002361,0.069235,-0.095629,-0.055000,0.136310,
1.095978,-0.280983,0.341558,-0.262882,0.266960,-0.094728,-0.031199,0.074481,0.069133,-0.065853,-0.029910,0.106861,
1.055401,-0.530166,0.256284,-0.286406,0.189371,-0.133236,0.104074,0.102797,-0.064397,0.093856,-0.026039,0.028022,
1.076413,-0.607463,0.248464,-0.272023,0.157197,-0.132520,0.130449,0.089286,-0.030531,0.234115,-0.017070,-0.023447,
1.089371,-0.579430,0.241567,-0.240898,0.112391,-0.138126,0.080670,0.017160,-0.049582,0.221493,0.045873,0.023579,
1.043473,-0.476473,0.307488,-0.269592,0.032209,-0.078806,0.045878,0.023729,-0.017054,0.076090,-0.027611,-0.066581,
1.159622,-0.416288,0.444245,-0.394010,0.088486,0.041720,0.068111,-0.034451,-0.063696,0.076576,-0.005387,-0.027914,
1.248069,-0.436209,0.441912,-0.333465,0.149419,0.004403,0.035845,-0.048966,-0.133288,0.016740,0.029619,0.078516,
1.224204,-0.514867,0.409525,-0.260681,0.147887,-0.045636,0.014265,0.054783,-0.048130,-0.035825,-0.068474,0.048601,
1.104536,-0.530278,0.447328,-0.268667,0.174561,-0.062110,0.019225,0.164786,-0.024930,-0.080307,-0.125122,0.016299,
1.118655,-0.480194,0.413007,-0.296281,0.211357,-0.075144,0.051975,0.141590,0.007952,-0.053576,-0.078571,0.088486,
1.117014,-0.450099,0.363431,-0.224619,0.301941,-0.006977,0.039916,0.097994,0.007736,0.002229,-0.027916,0.090634,
1.239047,-0.396456,0.478660,-0.226618,0.233098,-0.074126,0.045698,0.050988,-0.034539,0.060483,-0.039548,0.121371,
1.301446,-0.350093,0.511716,-0.258744,0.096724,-0.080874,0.178375,0.013354,-0.033597,0.093635,-0.005801,0.143228,
1.092458,-0.288184,0.481694,-0.191313,0.111372,-0.088853,0.098102,0.019542,0.040802,0.012324,-0.043065,0.057765,
0.996673,-0.359258,0.461514,-0.194978,0.123729,-0.178865,-0.038054,-0.018668,0.002394,0.014418,-0.091371,-0.034521,
1.127130,-0.378492,0.481461,-0.283191,0.164805,-0.065024,-0.102066,0.000928,-0.060054,0.061721,-0.035871,-0.117680,
1.089865,-0.493106,0.327784,-0.246514,0.159667,-0.040237,0.040152,-0.049014,-0.045087,0.050270,-0.043436,-0.032832,
1.139496,-0.431773,0.332316,-0.113128,0.097977,-0.110236,0.053892,-0.154547,-0.002751,0.093454,-0.004448,0.012555,
1.212031,-0.448679,0.472190,-0.194078,0.072593,-0.047173,0.060791,-0.071234,-0.076019,0.107907,0.019262,0.037218,
1.274012,-0.526822,0.473265,-0.280370,0.183236,0.027833,-0.046584,-0.009437,-0.054949,0.097390,0.032877,-0.001950,
1.339078,-0.444692,0.440097,-0.394953,0.117554,-0.133750,0.009508,0.065316,-0.163987,-0.006523,-0.041038,-0.019154,
1.391042,-0.433071,0.350615,-0.371141,0.034825,-0.215279,0.035681,0.109681,-0.107205,-0.046827,-0.111374,0.019238,
1.231505,-0.363370,0.333063,-0.345809,0.115610,-0.157964,-0.025516,0.021959,-0.020161,-0.028521,-0.128821,0.082833,
1.158532,-0.314698,0.382524,-0.275829,0.226255,-0.106333,-0.069260,0.022187,-0.035900,-0.069141,-0.110431,0.016281,
1.202885,-0.380625,0.408265,-0.244429,0.111252,-0.206231,-0.058744,-0.029907,-0.048921,-0.042007,-0.019488,0.112854,
1.185204,-0.406512,0.423389,-0.290234,0.032250,-0.137072,0.033926,0.052101,-0.106165,0.016498,0.089592,0.091313,
1.183909,-0.449847,0.315037,-0.334001,0.157442,-0.054397,-0.025723,0.067494,-0.029187,0.061957,-0.004370,0.029649,
1.230011,-0.448146,0.312216,-0.338837,0.180829,-0.034264,-0.062232,0.054158,-0.021275,0.002184,-0.060117,0.015755,
1.184196,-0.375550,0.492182,-0.329549,0.084270,-0.129049,0.043355,0.081705,-0.094390,0.049312,0.033041,-0.015740,
1.113731,-0.333141,0.435010,-0.348982,0.082568,-0.177134,-0.007507,-0.005472,-0.022338,0.061053,-0.099910,-0.053573,
1.187734,-0.404758,0.375840,-0.358532,0.145461,-0.161649,-0.147284,0.034225,0.006283,0.042016,-0.108150,-0.090171,
1.247551,-0.522668,0.427966,-0.415804,0.159561,-0.069394,-0.152445,0.050919,-0.035177,0.044310,-0.075263,-0.096785,
1.242767,-0.490972,0.536065,-0.315807,0.139857,-0.064058,-0.036630,-0.021345,-0.117781,0.074592,-0.015448,-0.068936,
1.189269,-0.361418,0.545457,-0.161705,0.109808,-0.162072,0.034676,0.002200,-0.008273,0.145898,-0.091104,-0.097437,
1.190785,-0.340981,0.459402,-0.236041,0.241932,-0.115540,-0.065026,0.039386,0.035334,0.097684,-0.115625,-0.044296,
1.245306,-0.397334,0.398964,-0.357266,0.264398,-0.117317,-0.090965,0.057169,-0.089721,0.081451,-0.018082,-0.005311,
1.277804,-0.368398,0.365370,-0.366857,0.198910,-0.083385,-0.057133,0.038999,-0.082086,0.044201,-0.022589,0.006949,
1.247510,-0.389795,0.367058,-0.324043,0.118198,-0.079379,0.011068,0.002659,-0.010115,0.056620,-0.133975,-0.016689,
1.324388,-0.480294,0.424142,-0.247373,0.144274,-0.067644,0.089067,0.026619,-0.067579,0.076150,-0.159009,-0.008418,
1.262176,-0.476508,0.431090,-0.292651,0.143628,-0.053122,0.014099,0.042186,-0.109095,0.050907,-0.101270,-0.019801,
1.180985,-0.487676,0.373615,-0.296469,0.136636,-0.152613,-0.005123,0.018628,0.008524,0.050998,-0.187957,0.054276,
1.252586,-0.494891,0.336085,-0.324814,0.114008,-0.182646,-0.038099,0.033429,0.028492,0.120223,-0.147014,0.010118,
1.254276,-0.441217,0.468000,-0.309137,0.118751,-0.103619,0.035832,0.132860,0.012731,0.115607,-0.132580,-0.017720,
1.161602,-0.398270,0.501665,-0.235617,0.172086,-0.032479,0.118854,0.098740,0.057773,0.099981,-0.060571,0.051206,
1.181139,-0.473638,0.455799,-0.257891,0.228695,0.023782,0.089177,0.121893,0.060874,0.018820,-0.065384,0.058646,
1.211482,-0.583882,0.482801,-0.294948,0.190548,0.028256,0.010097,0.035512,-0.039643,0.001689,-0.042357,0.001619,
1.282730,-0.541198,0.428706,-0.236234,0.206925,-0.003611,0.017380,-0.076313,-0.023813,0.025518,-0.072839,0.048365,
1.258129,-0.420085,0.365853,-0.351243,0.151687,-0.034009,0.093269,-0.026665,-0.058443,0.008091,-0.072674,0.056707,
1.238330,-0.356853,0.537411,-0.418031,0.099447,-0.101894,-0.033259,-0.062909,-0.120200,0.059468,-0.035081,0.042250,
1.144410,-0.387262,0.497612,-0.313954,0.154057,-0.143682,-0.084618,-0.075041,0.006558,0.141026,-0.036195,0.038812,
1.014252,-0.460524,0.405379,-0.216835,0.117190,-0.188523,-0.040831,-0.087816,0.040507,0.005300,-0.027364,0.187912,
0.984991,-0.371806,0.316923,-0.287938,0.174856,-0.162526,-0.004763,-0.007639,-0.040358,-0.015454,0.014780,0.074691,
1.086514,-0.375772,0.348011,-0.248600,0.238315,-0.089917,0.009072,0.013642,0.047085,0.045905,-0.006773,0.022514,
1.238166,-0.431321,0.504748,-0.231380,0.127858,-0.104675,-0.057438,-0.019782,-0.054104,0.072806,-0.055855,-0.006365,
1.261285,-0.445177,0.638672,-0.317750,0.119127,0.042898,-0.030901,0.006928,-0.094948,0.057150,-0.007385,0.061096,
1.156759,-0.426831,0.510479,-0.334857,0.078076,0.044641,0.071416,0.083281,0.003041,0.075537,-0.028153,0.032893,
1.135109,-0.364964,0.489248,-0.368986,0.123526,0.035124,0.101441,-0.016783,-0.134544,0.026792,-0.032227,-0.012737,
1.103521,-0.401659,0.447730,-0.404329,0.084351,-0.047343,0.069807,-0.098614,-0.233626,-0.071562,-0.034964,0.031807,
1.202824,-0.565808,0.372822,-0.396185,0.048009,-0.056288,0.102768,-0.043145,-0.109369,-0.012102,-0.095138,0.019528,
1.261329,-0.620860,0.463397,-0.302448,0.104267,0.015482,0.107356,0.038886,-0.041807,0.060392,-0.027231,0.065985,
1.151733,-0.437119,0.454340,-0.175336,0.175270,-0.064959,0.123926,0.033889,-0.049459,0.018219,0.024669,0.117095,
1.028806,-0.335392,0.383893,-0.173064,0.216158,-0.075479,0.077214,0.069490,-0.034905,0.027646,0.062882,-0.014539,
1.124906,-0.448599,0.383550,-0.226753,0.260574,-0.053686,0.013451,-0.012378,0.016382,0.043950,-0.096670,-0.009716,
1.368527,-0.413106,0.380242,-0.304270,0.291074,-0.072894,-0.004026,-0.017863,-0.019276,0.029360,-0.189818,0.035777,
1.448678,-0.346754,0.364555,-0.221552,0.247390,-0.197925,-0.087356,0.062379,0.003054,-0.008497,-0.118487,0.058154,
1.247364,-0.349189,0.489936,-0.168132,0.149381,-0.207935,-0.081918,-0.065639,-0.009786,0.042811,-0.134160,0.022872,
1.021017,-0.346998,0.443010,-0.180848,0.095094,-0.085684,0.082891,-0.072221,0.013192,0.131221,-0.146450,-0.082290,
0.963215,-0.376529,0.359776,-0.315718,0.089289,-0.001432,0.182196,0.036368,-0.096409,0.003188,-0.042507,-0.000993,
1.109362,-0.531089,0.390170,-0.332189,0.159647,-0.058641,0.010007,0.071576,-0.069670,-0.035848,-0.031150,0.123962,
1.218926,-0.492765,0.416838,-0.236391,0.211549,-0.096368,0.076388,0.101855,-0.003212,0.030575,-0.135818,0.131818,
1.292664,-0.397936,0.434119,-0.112988,0.287480,-0.087390,0.023793,-0.004874,0.015861,-0.017058,-0.205485,0.124310,
1.103520,-0.364444,0.560666,-0.190629,0.160451,-0.071033,-0.016083,-0.082953,-0.096874,0.010533,-0.076175,0.016823,
1.066820,-0.323606,0.531476,-0.259326,0.077715,-0.120406,0.058402,-0.143410,-0.144768,0.086935,0.107455,0.108941,
1.064674,-0.402645,0.446591,-0.253717,0.120536,-0.151350,0.065582,-0.142026,-0.159492,0.062783,-0.026262,0.056386,
1.047567,-0.479134,0.395966,-0.297023,0.196976,-0.088397,0.006557,-0.090248,-0.133852,0.047756,-0.032396,0.093551,
1.073146,-0.406188,0.413508,-0.304941,0.144219,-0.107573,0.070849,0.003674,-0.033147,0.066480,0.097901,0.148570,
1.111417,-0.445616,0.443780,-0.310321,0.194682,-0.108534,0.067425,0.114799,0.016367,0.037284,0.085404,0.132252,
1.150515,-0.508459,0.441153,-0.338508,0.137476,-0.013239,0.167252,-0.030489,-0.072693,0.094862,-0.019326,0.145062,
1.253047,-0.323476,0.475030,-0.293999,0.171357,-0.052235,0.128094,-0.132326,-0.181980,0.015856,-0.104364,0.098980,
1.184235,-0.239814,0.542318,-0.240049,0.181243,-0.093319,0.086483,-0.084378,-0.103390,-0.036239,-0.115406,0.051872,
1.266862,-0.423783,0.579599,-0.285729,0.162436,-0.003454,-0.059903,0.012778,-0.084212,-0.086699,-0.031200,0.117268,
1.248952,-0.499839,0.534333,-0.282671,0.136265,-0.020626,-0.057133,0.085680,-0.069399,-0.036100,0.028457,0.062747,
1.202104,-0.439664,0.452067,-0.293426,0.156440,-0.094633,0.004752,0.065872,-0.003097,0.054112,-0.008672,0.111054,
1.149026,-0.494634,0.463713,-0.208532,0.162133,-0.074461,0.033019,0.064981,0.005598,0.089395,-0.054690,0.075122,
1.230458,-0.666866,0.410579,-0.179250,0.200902,-0.110329,-0.034515,0.009134,-0.116233,0.036198,-0.119206,0.057567,
1.197271,-0.617571,0.303019,-0.327008,0.138677,-0.203414,-0.083529,-0.050369,-0.115180,-0.093147,-0.171077,0.162469,
1.156209,-0.514712,0.268947,-0.345440,0.109596,-0.218897,0.056237,-0.029514,-0.163346,-0.157988,-0.129309,0.166858,
1.056678,-0.421423,0.366854,-0.357858,0.121344,-0.161771,0.170852,0.056268,-0.133629,-0.076388,-0.055074,0.125538,
1.090009,-0.400979,0.272497,-0.291734,0.145212,-0.156069,0.123082,0.031313,0.000463,-0.020647,-0.114851,0.077896,
1.188006,-0.464383,0.197844,-0.258641,0.268849,-0.078507,-0.002364,-0.066291,-0.030797,-0.008127,-0.159784,0.089578,
1.283838,-0.567370,0.310668,-0.282730,0.232762,-0.112498,-0.021553,0.046808,0.023582,0.048205,-0.138838,0.076216,
1.216032,-0.551375,0.357462,-0.258418,0.231949,-0.099993,-0.020987,0.141091,0.051026,0.052934,-0.052730,0.080660,
1.180912,-0.419486,0.413934,-0.235553,0.251907,-0.081320,-0.023541,0.010414,0.053868,0.020812,-0.032080,0.187410,
1.238248,-0.317234,0.485122,-0.250337,0.162149,-0.102241,-0.048327,-0.050026,-0.017745,-0.061862,-0.061910,0.180856,
1.294151,-0.274809,0.495760,-0.296596,0.065463,-0.209968,-0.034662,0.095823,-0.008812,-0.033909,-0.086154,0.117719,
1.302252,-0.372974,0.403947,-0.382093,0.129787,-0.139075,0.047592,0.113231,-0.097493,-0.035254,-0.073797,0.082436,
1.297702,-0.402199,0.357327,-0.368669,0.121714,-0.087735,0.094081,0.020433,-0.090744,0.019171,-0.100896,0.029492,
1.173819,-0.495156,0.369215,-0.352340,0.052163,-0.084421,0.006314,-0.078337,-0.059356,0.064910,-0.085836,-0.054605,
1.091467,-0.619117,0.372313,-0.228603,0.157793,-0.085362,0.037679,-0.111196,-0.017069,0.116022,-0.041717,0.086373,
1.066223,-0.579286,0.452072,-0.247150,0.241241,-0.122100,-0.009857,-0.031826,-0.063475,0.127499,-0.024438,0.152633,
1.062444,-0.446260,0.588836,-0.274091,0.211882,-0.096965,0.000474,-0.027264,-0.137272,0.107966,-0.063943,0.136748,
1.248142,-0.398033,0.516199,-0.360706,0.079896,-0.149963,0.070594,0.038512,-0.192152,0.097321,0.040435,0.121626,
1.390906,-0.397190,0.488863,-0.266073,0.032898,-0.238433,0.024010,0.039592,-0.108064,0.088398,0.008402,0.043047,
1.367110,-0.397024,0.468504,-0.288052,0.053163,-0.191565,0.085363,-0.016270,-0.054940,0.073139,-0.177687,0.050852,
1.270989,-0.453908,0.423116,-0.291062,0.105049,-0.085657,0.086942,-0.065370,-0.064049,0.035175,-0.170644,0.096435,
1.177932,-0.453607,0.420822,-0.299802,0.126586,-0.140847,0.080947,-0.048610,-0.122128,0.021104,-0.145733,0.091871,
1.154836,-0.431263,0.406121,-0.326050,0.119479,-0.058851,0.094913,0.009261,-0.133471,-0.019165,-0.132676,0.065656,
1.104698,-0.466684,0.395480,-0.375442,-0.015625,-0.020077,0.017048,-0.069568,-0.080518,-0.010724,-0.125129,-0.016701,
1.114497,-0.481997,0.436037,-0.345139,-0.055516,-0.100599,0.076076,-0.118861,-0.074668,0.047184,-0.173891,-0.035545,
1.279730,-0.436679,0.475820,-0.296180,0.105386,-0.122382,0.056623,0.032460,-0.076670,0.062017,-0.176618,-0.065455,
1.255813,-0.376615,0.544677,-0.299132,0.143532,-0.022037,-0.024754,0.000475,-0.063958,0.089553,-0.131844,-0.068610,
1.196837,-0.356971,0.474871,-0.355975,0.154996,0.046481,-0.057638,-0.030912,-0.077302,0.059932,-0.092991,-0.089847,
1.108137,-0.371433,0.393085,-0.284860,0.081496,-0.006808,0.026629,-0.130723,-0.060319,0.080240,-0.021985,0.024564,
1.128274,-0.456667,0.473227,-0.309353,0.004645,-0.081910,-0.059610,-0.087731,-0.147752,0.017867,0.011389,-0.057138,
1.145005,-0.463958,0.498320,-0.322333,0.058236,-0.023488,-0.024264,-0.061577,-0.144048,0.041085,0.042562,-0.063469,
1.179815,-0.429979,0.331918,-0.347438,0.149551,-0.041442,0.087684,-0.034595,-0.021188,0.082142,0.031227,0.087094,
1.204989,-0.413797,0.273109,-0.275482,0.225761,-0.073392,0.009776,-0.057773,0.028355,0.032231,-0.015936,0.117593,
1.201209,-0.413279,0.371286,-0.277746,0.266610,-0.086285,-0.081089,0.039927,-0.035629,-0.011403,-0.057251,0.019507,
1.223614,-0.354192,0.427681,-0.297722,0.305943,-0.039977,-0.048312,0.077071,-0.087800,0.068234,-0.013705,-0.077587,
1.136001,-0.411402,0.458510,-0.312749,0.229775,-0.079962,-0.020911,0.046973,-0.025699,0.083601,0.000600,-0.020246,
1.160442,-0.478244,0.336465,-0.320458,0.208827,-0.122430,-0.053990,0.049215,0.020596,0.030663,0.013396,0.096760,
1.218661,-0.506329,0.328317,-0.326521,0.213399,-0.060075,-0.006323,0.046707,-0.076610,0.061309,0.010159,0.035999,
1.193812,-0.309062,0.390634,-0.220443,0.237861,-0.173884,0.054272,-0.037681,-0.200892,0.102323,-0.051925,-0.054948,
1.241756,-0.372415,0.421531,-0.219718,0.097340,-0.243285,0.050597,-0.028135,-0.123899,0.152208,-0.095814,-0.050016,
1.144244,-0.338926,0.378277,-0.308571,0.168466,-0.205978,0.000153,0.110685,-0.011642,0.056040,-0.049732,0.041259,
0.882242,-0.188998,0.337991,-0.352082,0.258505,-0.290476,-0.006737,0.056872,-0.096361,-0.006151,-0.018955,0.095730,
0.972319,-0.172531,0.344325,-0.367735,0.193375,-0.207574,0.036752,0.007371,-0.126639,-0.102196,-0.098135,0.078966,
1.170772,-0.302830,0.365978,-0.308396,0.283186,-0.130040,-0.059767,0.071025,-0.070268,0.042560,0.006542,-0.057744,
1.249008,-0.403117,0.346834,-0.296485,0.232295,-0.125255,-0.117151,0.071910,0.035622,0.080806,-0.076917,-0.054356,
1.164121,-0.377315,0.477774,-0.203346,0.251169,-0.130068,-0.063513,0.006160,0.004381,0.136027,-0.109632,-0.009015,
1.056500,-0.376362,0.409045,-0.200434,0.293544,-0.208504,-0.009688,0.009973,-0.123027,0.097133,-0.026050,0.007836,
1.022729,-0.413578,0.278293,-0.334343,0.214102,-0.147736,0.069385,0.072357,-0.057851,0.019616,-0.050073,0.044082,
1.129887,-0.429514,0.357299,-0.327081,0.164604,-0.075797,0.079699,0.017530,-0.094924,-0.033005,-0.032187,0.097711,
1.069617,-0.384671,0.424894,-0.204960,0.183519,-0.169952,0.015974,-0.000060,-0.009454,0.039638,-0.103003,0.036437,
0.995674,-0.424636,0.299583,-0.212803,0.220526,-0.098461,0.129199,0.024505,-0.098549,-0.018622,-0.037640,0.014694,
1.031546,-0.483658,0.306837,-0.283757,0.260852,-0.032085,0.192504,0.130431,-0.058019,0.012844,-0.013909,0.033949,
1.059647,-0.437304,0.385582,-0.328041,0.232379,-0.092494,0.119375,0.077591,-0.012170,0.092529,-0.026073,0.127697,
1.194706,-0.434450,0.416355,-0.328249,0.275266,-0.074101,-0.085454,-0.072519,-0.130327,0.110527,0.045402,0.121293,
1.351400,-0.420252,0.437451,-0.293068,0.257920,-0.086778,-0.122641,-0.067156,-0.193663,0.083149,0.096495,0.078490,
1.347213,-0.384217,0.364171,-0.278653,0.167082,-0.087893,-0.037244,-0.030041,-0.094537,0.062563,0.018847,0.034636,
1.208056,-0.416077,0.389402,-0.347013,0.126331,-0.044397,0.070870,0.000421,-0.055440,0.100222,-0.079035,-0.031963,
1.107736,-0.464221,0.366003,-0.303121,0.165326,0.027553,0.076093,0.006034,-0.027412,0.098341,-0.007914,-0.060810,
1.162963,-0.456812,0.413031,-0.289617,0.120190,-0.009770,0.018436,-0.010699,-0.063108,0.057172,0.092669,0.041997,
1.120043,-0.406389,0.535151,-0.269424,0.093075,-0.000859,-0.008865,-0.090995,-0.026114,0.114446,0.066957,0.024797,
1.175144,-0.358335,0.443832,-0.282697,0.115696,-0.092792,-0.033446,-0.117508,-0.077892,0.117077,-0.037369,0.004665,
1.293347,-0.466327,0.318918,-0.435193,0.106567,-0.089995,-0.058703,-0.021476,-0.040108,0.066766,-0.100401,0.062927,
1.275897,-0.539597,0.371123,-0.349228,0.119637,-0.121511,-0.010213,0.012940,-0.036858,-0.005687,-0.205539,0.055745,
1.261505,-0.456130,0.372095,-0.323710,0.213943,-0.101446,-0.060968,0.062427,0.026497,-0.007152,-0.181443,0.054504,
1.142515,-0.489315,0.320886,-0.393609,0.280781,-0.040352,-0.066385,0.007738,0.044143,0.133992,-0.065269,0.071255,
1.237218,-0.597040,0.522072,-0.335807,0.162505,0.052750,0.048416,-0.010290,-0.086489,0.107071,-0.075822,0.010442,
1.233938,-0.461261,0.667046,-0.359204,0.116540,0.018430,0.079688,-0.076269,-0.181801,0.143776,0.010185,0.127924,
1.251627,-0.339839,0.590816,-0.431146,0.118866,-0.032924,0.064674,-0.067464,-0.134327,0.109691,0.106439,0.233826,
1.362229,-0.459005,0.509386,-0.430260,0.026092,-0.103158,-0.079477,0.000232,-0.089314,-0.019236,-0.015827,0.099840,
1.273779,-0.438137,0.401637,-0.409237,0.120601,-0.161414,0.009273,0.040643,-0.085424,0.019620,-0.110290,0.048720,
1.251244,-0.455675,0.349764,-0.371905,0.156381,-0.183150,0.030830,0.082634,-0.046766,0.048083,-0.076896,0.030399,
1.203979,-0.525245,0.419859,-0.272055,0.187962,-0.129278,0.045639,0.071660,-0.017070,0.106324,-0.082256,-0.004671,
1.139864,-0.599280,0.420250,-0.289589,0.178985,-0.154408,-0.033051,0.018730,0.012326,0.197513,-0.067263,0.001902,
1.139722,-0.559701,0.395710,-0.221080,0.262704,-0.138067,-0.004539,0.064791,0.038532,0.213078,0.004534,0.033538,
1.262703,-0.451737,0.478887,-0.321190,0.204138,-0.115445,-0.122242,0.053978,-0.076020,0.071086,0.064729,0.022433,
1.322288,-0.490351,0.398394,-0.424926,0.039657,-0.096878,-0.214226,-0.034599,-0.088218,-0.001086,0.068938,-0.024318,
1.075222,-0.421199,0.437971,-0.404711,0.151715,-0.110983,0.000421,-0.036606,-0.173087,0.070059,0.074113,0.042852,
1.199941,-0.322834,0.430225,-0.367012,0.233066,-0.176842,-0.007854,0.004176,-0.246521,0.063140,0.028635,0.037312,
1.290944,-0.488664,0.340713,-0.376797,0.190588,-0.169693,-0.091352,-0.025518,-0.120582,0.022973,-0.097325,0.072258,
1.318325,-0.664680,0.425360,-0.360968,0.088144,-0.035070,0.050533,-0.013599,-0.074783,0.072682,-0.080921,0.091055,
1.219823,-0.517142,0.410722,-0.341941,0.042740,-0.034041,0.089079,-0.043913,-0.088319,0.068037,-0.009226,0.083120,
1.185198,-0.426187,0.414519,-0.283533,0.103381,-0.174411,-0.014078,-0.055130,-0.068102,0.019069,0.000496,0.101224,
1.288647,-0.522389,0.452865,-0.252317,0.122932,-0.149235,-0.073188,0.022208,-0.020058,0.048718,0.012263,0.090054,
1.256819,-0.413903,0.408461,-0.321973,0.165056,-0.146855,0.064798,0.119196,-0.057989,-0.010131,-0.016356,0.122371,
1.216250,-0.340582,0.396294,-0.368277,0.277237,-0.088344,0.093908,0.169942,-0.093569,-0.034113,-0.012975,0.094769,
1.216873,-0.417373,0.437336,-0.374754,0.256998,-0.062472,-0.046934,0.092900,-0.083381,-0.005574,0.012563,0.037178,
1.297278,-0.438412,0.400901,-0.315292,0.349876,-0.053011,-0.084975,-0.004044,-0.157905,0.035314,-0.017850,0.028111,
1.247287,-0.459186,0.452824,-0.202934,0.167563,-0.079510,-0.005056,-0.045348,-0.005558,0.132382,-0.102388,-0.050120,
1.075950,-0.551575,0.368389,-0.314817,0.017453,-0.154694,0.060791,-0.010740,0.075397,0.082303,-0.202263,-0.006607,
0.987661,-0.577990,0.335070,-0.333850,0.189230,-0.162467,0.015450,0.129558,0.055548,0.018726,-0.135154,0.023147,
1.149131,-0.523185,0.329327,-0.265579,0.253900,-0.099876,-0.018557,0.050398,-0.060806,0.006282,-0.015488,0.052624,
1.318170,-0.560305,0.363625,-0.266571,0.201821,-0.005862,-0.006230,0.007292,-0.074858,-0.045225,-0.033636,0.002956,
1.192876,-0.512044,0.369998,-0.361986,0.224747,-0.002527,-0.005182,0.078258,-0.039788,-0.062486,-0.087350,-0.039222,
1.125199,-0.454651,0.346107,-0.347170,0.211075,-0.128234,-0.066415,0.052768,-0.065635,-0.122925,-0.094277,-0.001178,
1.238842,-0.523098,0.346028,-0.226494,0.219881,-0.152599,-0.022226,0.033790,-0.059847,-0.090617,-0.124062,0.020192,
1.261053,-0.450561,0.453037,-0.196033,0.265434,-0.060502,0.130234,-0.051429,-0.030103,0.112938,-0.181919,0.070418,
1.259372,-0.386191,0.495650,-0.229834,0.219238,-0.066279,0.077112,-0.093041,-0.008239,0.185177,-0.229574,0.062821,
1.199846,-0.390200,0.526108,-0.293744,0.137798,-0.108891,0.043824,0.003472,-0.052700,0.108538,-0.165357,0.059587,
1.251634,-0.400480,0.426248,-0.322687,0.206602,-0.049853,0.084423,0.045159,-0.038700,0.052587,-0.107210,0.084535,
1.212902,-0.377023,0.407745,-0.218199,0.273140,0.021144,0.138278,0.023219,-0.031489,0.107748,-0.185093,0.033028,
1.229921,-0.461434,0.435224,-0.177297,0.297568,-0.026362,0.135524,0.138090,-0.098873,-0.011651,-0.073905,0.077120,
1.170980,-0.459673,0.395768,-0.295045,0.213056,-0.123367,0.092572,0.118539,-0.076290,-0.099688,-0.095504,0.077905,
1.137362,-0.384533,0.373491,-0.340795,0.194716,-0.071913,0.043633,0.001980,-0.061963,-0.082550,-0.060348,0.053828,
1.151954,-0.233121,0.376586,-0.342613,0.204883,-0.004303,-0.067377,-0.093297,-0.072797,-0.124115,-0.020469,0.104109,
1.115924,-0.306296,0.528071,-0.175447,0.227672,-0.065606,0.052218,-0.000220,-0.081448,-0.059543,-0.147900,0.078390,
1.131373,-0.501292,0.536826,-0.152002,0.163164,-0.080660,0.060543,0.103951,-0.027090,-0.034653,-0.165893,-0.079651,
1.249703,-0.473764,0.522008,-0.250304,0.232704,-0.039854,-0.064582,0.085218,0.013873,-0.015653,-0.141071,-0.069159,
1.363282,-0.385092,0.380359,-0.336797,0.248958,-0.074460,0.036822,0.058147,0.002831,0.000008,-0.174689,0.052695,
1.355222,-0.332303,0.320309,-0.328130,0.245737,-0.040070,0.024850,0.087774,-0.043597,-0.061673,-0.008516,0.088488,
1.185068,-0.339963,0.450425,-0.225379,0.241869,-0.106916,-0.081447,0.126412,-0.063441,-0.077093,0.007223,-0.003558,
1.222906,-0.414725,0.481819,-0.088871,0.266082,-0.143204,-0.105852,0.041822,-0.040106,0.030356,-0.049056,-0.070809,
1.260438,-0.421092,0.423983,-0.237655,0.163018,-0.085631,-0.000194,-0.013740,0.038070,0.128166,-0.086145,-0.001391,
1.238352,-0.300873,0.368968,-0.333692,0.173461,-0.147073,-0.023792,-0.015976,0.068536,0.170443,-0.048175,0.075527,
1.314944,-0.275247,0.250173,-0.267904,0.275032,-0.066005,-0.005934,-0.018503,0.079235,0.037980,0.071906,0.175989,
1.197679,-0.311108,0.254119,-0.282056,0.270094,-0.105961,0.008119,-0.018664,-0.021293,-0.091204,0.034829,0.135375,
1.203232,-0.362675,0.340590,-0.255070,0.166974,-0.183875,-0.048691,-0.045078,-0.026568,-0.063439,-0.077320,0.040994,
1.208812,-0.368223,0.381736,-0.161958,0.171414,-0.121496,0.048601,-0.072851,0.004370,-0.018415,-0.068581,0.083779,
1.163952,-0.397869,0.341890,-0.105543,0.236091,-0.144874,0.037255,-0.064461,0.055597,0.034039,-0.054236,0.056343,
1.200867,-0.388345,0.454264,-0.160733,0.181209,-0.178376,-0.062005,-0.127505,0.042312,0.046938,-0.015784,0.146838,
1.361185,-0.349498,0.521275,-0.284240,0.126600,-0.216961,-0.094486,-0.150499,-0.065681,0.012585,-0.100428,0.159272,
1.357789,-0.450646,0.535460,-0.388863,0.102916,-0.282315,-0.245039,-0.057152,-0.094279,0.036336,-0.041729,0.078190,
1.233904,-0.550107,0.525574,-0.348364,0.108880,-0.128421,-0.093119,-0.007949,-0.091682,0.092262,0.013952,0.013223,
1.022029,-0.584585,0.461357,-0.304030,0.235786,-0.082397,0.014023,0.049298,-0.195349,-0.020397,-0.070447,-0.079939,
1.007643,-0.421630,0.414230,-0.272747,0.169899,-0.158889,-0.052255,-0.070308,-0.062123,0.069471,-0.106031,-0.029529,
0.999292,-0.327673,0.435354,-0.339283,0.068404,-0.170095,-0.088706,-0.103378,-0.076145,0.127875,-0.029238,-0.025377,
1.109640,-0.347823,0.366697,-0.382856,0.130369,-0.147173,-0.035751,-0.022170,-0.076717,0.102629,-0.038238,0.009422,
1.234546,-0.326401,0.329537,-0.358944,0.187843,-0.102959,0.006230,-0.022076,-0.063134,0.073711,-0.019731,0.100648,
1.233398,-0.338045,0.360271,-0.257107,0.170879,-0.147777,-0.017360,-0.034183,-0.080810,0.078746,-0.063518,0.011613,
1.209632,-0.377136,0.358642,-0.225452,0.190341,-0.168459,-0.028861,-0.044587,-0.066180,-0.026607,-0.084688,0.139618,
1.235331,-0.384904,0.268910,-0.277723,0.120150,-0.226136,-0.053054,0.012434,-0.091374,-0.028262,-0.063506,0.071756,
1.139872,-0.388744,0.338274,-0.353123,0.059581,-0.198427,-0.082146,0.039834,-0.034261,0.044128,0.018775,-0.001755,
1.113317,-0.395039,0.538642,-0.373176,0.155429,-0.052801,-0.066837,-0.037401,0.015661,0.112158,-0.032263,0.031511,
1.092882,-0.301714,0.586493,-0.338781,0.192597,0.019807,0.017837,-0.104193,-0.033603,0.099156,-0.124174,0.039788,
1.169800,-0.337111,0.503266,-0.366633,0.110838,-0.081257,-0.017848,-0.057990,-0.128785,-0.020051,-0.163801,0.066334,
1.234440,-0.342570,0.444182,-0.299030,0.045511,-0.158495,0.044148,0.033066,-0.116960,0.049103,-0.053051,0.071804,
1.256472,-0.307328,0.400962,-0.183890,0.122468,-0.217198,0.077686,0.060119,-0.157423,0.077229,0.011786,0.012990,
1.223455,-0.368788,0.365112,-0.254806,0.172859,-0.247108,0.007678,0.010587,-0.071266,0.039363,-0.091126,0.046949,
1.184375,-0.458821,0.400995,-0.231584,0.078059,-0.173260,0.074701,0.030557,0.058978,-0.008225,-0.179111,0.055149,
1.177818,-0.522158,0.488232,-0.298339,0.061960,-0.094111,0.106376,0.077814,-0.082906,0.026902,-0.135518,-0.024640,
1.195249,-0.477383,0.558685,-0.333097,0.027872,-0.102331,0.097231,-0.021863,-0.111989,-0.010822,-0.202949,0.053266,
1.234849,-0.442019,0.484754,-0.318944,0.125820,-0.097417,-0.064075,-0.079479,-0.067150,-0.067883,-0.202521,0.103964,
1.175662,-0.482653,0.305747,-0.263597,0.101140,-0.157476,-0.092525,-0.049115,-0.055064,0.001236,-0.135042,0.080559,
1.159595,-0.522813,0.354206,-0.296929,0.182696,-0.033181,-0.054655,-0.044261,-0.102150,-0.015066,-0.081196,0.104353,
1.242084,-0.476480,0.454598,-0.274544,0.179709,-0.021287,-0.051257,-0.078046,-0.077116,0.052599,-0.125264,0.065912,
1.182683,-0.393892,0.416205,-0.328154,0.071423,-0.085600,-0.112714,0.020577,0.073012,-0.012761,-0.082960,0.146696,
1.299642,-0.437945,0.441970,-0.286453,0.114974,-0.146239,-0.133114,-0.015021,-0.001135,-0.125617,-0.204055,0.071221,
1.291855,-0.567291,0.500580,-0.362057,0.109948,-0.098273,-0.081270,-0.081903,-0.113517,0.029035,-0.156894,-0.000186,
1.343123,-0.445743,0.517323,-0.401088,0.071024,-0.125569,-0.011273,0.104139,-0.026311,0.084445,-0.066502,0.046660,
1.281801,-0.419839,0.449804,-0.319688,0.084599,-0.083148,0.054646,0.129556,0.035746,0.093848,-0.010585,0.112145,
1.155087,-0.408026,0.344490,-0.326943,0.177275,-0.034261,0.159004,0.154283,0.053461,-0.004750,-0.167131,0.064839,
1.204602,-0.414185,0.423830,-0.404307,0.012364,-0.138675,0.128746,0.123267,0.005476,0.046997,-0.139913,0.046784,
1.234747,-0.385250,0.484272,-0.365200,0.069390,-0.112134,0.033713,0.046181,-0.106418,0.060087,0.035854,0.083419,
1.179029,-0.375851,0.446413,-0.259995,0.152664,-0.050864,0.174357,-0.068080,-0.114018,0.033998,0.001021,0.242106,
1.200959,-0.324917,0.365535,-0.236455,0.266744,-0.009001,0.199289,-0.105577,-0.011000,0.014239,-0.061430,0.296034,
1.131216,-0.330208,0.439081,-0.233915,0.216268,-0.020713,0.046939,-0.110464,-0.116466,0.003194,0.065042,0.134265,
1.241681,-0.328762,0.503542,-0.235927,0.053266,-0.124756,0.032664,-0.089495,-0.017871,0.104637,0.051047,0.089725,
1.244665,-0.369040,0.466751,-0.292264,0.055738,-0.234122,-0.004603,-0.012528,0.062230,0.060966,-0.060813,0.185269,
1.227063,-0.407459,0.442129,-0.321210,0.141678,-0.138852,-0.066206,0.011473,-0.063686,-0.030096,-0.035332,0.122723,
