1.159902,-0.128614,0.530188,-0.145479,0.252134,-0.048215,0.110534,0.177113,0.088658,-0.063376,0.034576,0.217332,
1.283507,-0.141648,0.612061,-0.081682,0.217825,-0.012203,0.177513,0.197411,0.050325,-0.021546,0.044227,0.180458,
1.223648,-0.170939,0.664431,-0.101327,0.192986,0.093675,0.179740,0.164210,0.059024,0.083139,0.045318,0.092648,
1.147115,-0.201793,0.679162,-0.024594,0.308749,0.123303,0.275746,0.163629,0.157806,0.156582,0.095513,0.142099,
1.171336,-0.280692,0.668886,-0.033171,0.378961,0.119130,0.321190,0.171491,0.203222,0.253033,0.001613,0.139448,
1.190159,-0.218186,0.636583,-0.131846,0.481762,0.154319,0.245761,0.212153,0.131811,0.189248,0.138804,0.162613,
1.205266,-0.185091,0.599069,-0.160440,0.540338,0.251773,0.270772,0.211260,0.094524,0.152499,0.151297,0.177565,
1.262246,-0.223572,0.620444,-0.052191,0.574563,0.180863,0.197423,0.225041,0.167701,0.174665,0.038342,0.157328,
1.224819,0.033831,0.651349,0.126569,0.404225,0.052398,0.152816,0.228093,0.199877,0.180035,0.000628,0.049370,
1.599426,0.147529,0.715839,0.108295,0.469340,0.051511,0.081851,0.065843,0.089722,0.053268,-0.068264,0.080734,
1.849117,0.189069,0.686917,0.010444,0.506191,0.149517,0.062309,0.034775,-0.055566,-0.127513,-0.104013,0.060602,
2.102433,0.087968,0.587202,-0.128760,0.466962,0.013251,-0.002250,0.110243,-0.179211,-0.171675,-0.136399,0.041706,
2.217187,0.196187,0.349624,-0.125416,0.426512,-0.126991,-0.074303,0.141540,-0.226889,-0.211117,-0.124985,0.000157,
2.320281,0.145533,0.313013,-0.171695,0.488384,-0.193784,-0.112273,0.148743,-0.280653,-0.133109,-0.158262,-0.048352,
2.310791,0.018467,0.354912,-0.248245,0.479875,-0.156816,-0.141237,0.081028,-0.230499,-0.110603,-0.199680,-0.022560,
2.309182,0.052055,0.232281,-0.231068,0.552031,-0.117637,-0.156532,0.010337,-0.202859,-0.134272,-0.227771,-0.000628,
2.263000,0.124285,0.150093,-0.194171,0.511531,-0.121776,-0.152765,0.105190,-0.241266,-0.152074,-0.145197,-0.051265,
2.443835,0.001523,0.206546,-0.235734,0.534430,-0.180828,-0.144857,0.113100,-0.293833,-0.110357,-0.191883,-0.039834,
2.437597,0.021236,0.198161,-0.233435,0.571091,-0.154145,-0.174121,0.076676,-0.307267,-0.131373,-0.220484,-0.067670,
2.501909,-0.030621,0.258640,-0.250205,0.558846,-0.128496,-0.204655,0.053835,-0.317184,-0.127249,-0.217809,-0.096202,
2.285476,0.179174,0.030144,-0.146196,0.532438,-0.151921,-0.183212,0.069102,-0.282662,-0.148932,-0.192581,-0.080548,
2.583457,-0.033521,0.093364,-0.146056,0.526594,-0.231923,-0.115118,0.042538,-0.291037,-0.139933,-0.253665,0.009479,
2.543427,0.017673,0.088164,-0.206146,0.513432,-0.174021,-0.182932,0.067500,-0.277593,-0.146834,-0.200709,-0.057066,
2.597345,0.032207,0.088427,-0.248847,0.558268,-0.170381,-0.217915,0.081423,-0.297851,-0.107383,-0.191252,-0.101488,
2.549776,0.038983,0.114400,-0.217228,0.517084,-0.109032,-0.139258,0.025160,-0.289375,-0.134745,-0.190921,-0.055669,
2.546057,0.029846,0.198507,-0.317336,0.560778,-0.020473,-0.203121,0.014622,-0.307249,-0.137772,-0.175477,-0.111053,
2.522677,0.105874,0.210130,-0.370345,0.622386,0.010585,-0.202154,0.039039,-0.330119,-0.107118,-0.166616,-0.155772,
2.609397,0.065663,0.194616,-0.316482,0.588624,0.005806,-0.153715,-0.005013,-0.342385,-0.101448,-0.167982,-0.113535,
2.632101,0.066181,0.185875,-0.314104,0.528067,0.034406,-0.078135,-0.030182,-0.336798,-0.103735,-0.177126,-0.101757,
2.553275,0.220982,0.116205,-0.365534,0.486950,0.086258,-0.002202,0.048217,-0.347478,-0.107278,-0.136152,-0.153414,
2.701056,0.137271,0.139591,-0.406096,0.508729,0.126607,-0.044890,0.051512,-0.296698,-0.072140,-0.121468,-0.199555,
2.730311,0.142612,0.094963,-0.381444,0.490880,0.121157,-0.013140,0.075262,-0.242677,-0.036313,-0.124322,-0.229413,
2.652273,0.230860,0.094562,-0.281489,0.464040,0.165694,0.092067,0.030506,-0.167874,-0.001449,-0.150098,-0.218758,
2.459686,0.304617,0.144364,-0.237535,0.435320,0.164914,0.190961,0.011983,-0.165017,0.022466,-0.179671,-0.198235,
2.422917,0.380666,0.196416,-0.387264,0.426370,0.193527,0.202641,0.068172,-0.160706,0.012135,-0.183020,-0.168804,
2.390075,0.431183,0.028784,-0.394214,0.397593,0.199413,0.332098,-0.012292,-0.093676,0.018249,-0.182024,-0.067570,
2.367200,0.357580,0.059819,-0.412588,0.397129,0.238983,0.330367,-0.052325,0.003975,0.039886,-0.188621,-0.033410,
2.322575,0.293313,0.204953,-0.455250,0.451403,0.343117,0.240220,0.065868,-0.043955,0.051021,-0.127111,-0.086793,
2.211618,0.326204,0.166878,-0.427989,0.493671,0.347322,0.264768,0.043283,0.015370,0.062204,-0.112698,-0.025473,
2.203739,0.167442,0.066993,-0.266608,0.438634,0.294483,0.386911,0.046184,-0.009121,0.110860,-0.086448,-0.007857,
2.376851,0.008904,0.037240,-0.352323,0.481642,0.310470,0.395557,0.164382,-0.066478,0.136188,-0.029608,0.013467,
2.130748,0.021878,0.126502,-0.436658,0.473119,0.416388,0.302427,0.225042,0.028361,0.103389,0.033187,0.005608,
1.932533,-0.025443,0.294527,-0.243691,0.370051,0.299504,0.275765,0.205063,0.070879,0.170303,0.060733,0.004767,
1.861847,0.104815,0.510395,-0.123292,0.364646,0.129355,0.200924,0.101401,-0.007392,0.129619,-0.123489,-0.049953,
1.729557,0.081907,0.576704,-0.064514,0.529186,0.081057,0.151505,0.179496,-0.097922,0.049753,-0.073333,0.023346,
1.628585,-0.004625,0.631516,-0.062722,0.381036,-0.023418,0.151948,0.183184,-0.183413,0.056948,0.012557,-0.000961,
1.485248,-0.096743,0.654761,-0.151749,0.361562,0.020142,0.119159,0.078614,-0.155048,0.084873,0.032686,0.059165,
1.341394,-0.050944,0.439328,-0.234190,0.384272,0.017622,0.020222,-0.053786,-0.139634,0.040962,0.000043,0.000086,
1.306248,-0.185043,0.379198,-0.188569,0.366264,-0.073073,-0.038362,0.047341,-0.111647,0.035734,-0.074808,-0.121170,
1.296645,-0.225860,0.479538,-0.240333,0.369022,-0.043099,-0.017638,0.129240,-0.047180,-0.031616,-0.159084,-0.096083,
1.325784,-0.156031,0.479408,-0.322747,0.359853,0.002895,-0.034077,0.124374,-0.092663,-0.145425,-0.094811,-0.038664,
1.311425,-0.201763,0.450718,-0.472594,0.334570,0.034801,-0.017582,0.081541,-0.173493,-0.147712,-0.010610,0.041101,
1.260725,-0.277623,0.463204,-0.444816,0.289369,-0.014383,-0.005692,0.028134,-0.125777,-0.004025,0.033901,0.085111,
1.290238,-0.316894,0.546035,-0.320320,0.285150,-0.047465,-0.077863,0.039388,-0.137569,0.030008,0.078023,-0.045943,
1.306691,-0.289822,0.523291,-0.309177,0.357257,-0.134484,-0.207842,0.087257,-0.068789,-0.009390,-0.030570,-0.127236,
1.234868,-0.221737,0.686575,-0.295483,0.226962,-0.123937,-0.183671,0.074794,-0.087219,0.009361,0.056301,-0.130454,
1.287917,-0.293706,0.697126,-0.241532,0.336564,-0.083502,-0.205464,0.117654,-0.154383,-0.058184,0.115716,-0.092341,
1.350598,-0.389768,0.327659,-0.251578,0.515931,0.037794,-0.036203,0.105692,-0.113543,-0.114719,-0.075634,0.002679,
1.502630,-0.557474,-0.401670,-0.352648,0.557701,0.054485,-0.069005,-0.116552,-0.086334,-0.180071,-0.217159,-0.066162,
1.430248,-0.439515,-0.489979,-0.394733,0.527053,-0.017823,-0.062156,-0.185039,-0.031263,-0.199039,-0.208280,-0.051541,
1.285936,-0.246320,-0.101155,-0.381667,0.560468,0.074697,-0.009773,-0.048303,0.053164,-0.050146,-0.084436,0.014879,
1.639794,-0.119579,0.238435,-0.391209,0.647945,0.269697,0.117565,0.146282,-0.052542,0.011001,0.036040,0.109361,
1.968911,-0.160690,0.343516,-0.449629,0.616340,0.329007,0.125955,0.173781,-0.117566,0.070512,0.048611,0.115368,
1.813370,-0.217311,0.376489,-0.448301,0.643724,0.339389,0.169585,0.267096,-0.060207,0.063502,0.109949,0.201593,
1.547150,-0.147652,0.353297,-0.326647,0.578956,0.300072,0.333251,0.195650,0.005883,0.029145,0.131748,0.320283,
1.449780,-0.128001,0.328187,-0.195473,0.747767,0.142798,0.261846,0.252743,-0.069990,0.069423,0.104749,0.268417,
1.592469,-0.113515,0.273168,-0.204451,0.808403,0.197952,0.153423,0.148896,-0.027979,0.065902,0.024394,0.223638,
1.622760,0.030108,-0.016605,-0.263910,0.782743,0.251475,0.205003,0.096041,0.075734,0.006639,0.033803,0.140072,
1.831402,0.099914,-0.137681,-0.307584,0.724325,0.311500,0.262640,0.016426,0.149410,-0.016880,0.015031,0.141726,
1.904435,0.200965,-0.104630,-0.311660,0.634042,0.356912,0.281483,0.019967,0.133160,-0.021065,0.051601,0.138743,
1.981502,0.167849,-0.089513,-0.347110,0.587720,0.322427,0.292880,0.063189,0.159854,0.000580,0.013575,0.127908,
1.993695,0.115464,-0.069831,-0.353070,0.594804,0.287831,0.253110,0.123849,0.182022,0.026467,0.015916,0.115348,
1.945439,0.036421,-0.036216,-0.333985,0.631515,0.251643,0.209660,0.159224,0.259400,0.016527,-0.027889,0.113554,
1.884983,-0.054027,-0.050420,-0.222398,0.588985,0.264237,0.307305,0.127215,0.238126,0.010245,-0.042085,0.147926,
1.955190,-0.147751,-0.119408,-0.101427,0.544652,0.229144,0.456451,0.028462,0.289073,0.033794,-0.139098,0.155803,
1.975365,0.023724,-0.172077,-0.224994,0.596400,0.295568,0.401590,0.037792,0.292718,0.039946,-0.110863,0.076334,
2.063741,0.003124,-0.164533,-0.358299,0.688985,0.347553,0.321799,0.164229,0.159378,0.071167,-0.090423,0.020531,
2.036994,-0.016389,-0.140728,-0.244235,0.666845,0.298825,0.421872,0.177387,0.009141,0.068664,-0.098932,0.055257,
2.091617,-0.076590,-0.088243,-0.263312,0.690326,0.305379,0.442762,0.184476,-0.074949,0.080655,-0.102931,0.079634,
2.047901,-0.022011,-0.224453,-0.222758,0.744923,0.299334,0.463638,0.177424,-0.069849,0.061147,-0.094181,0.109836,
2.084496,-0.012862,-0.227645,-0.306398,0.749078,0.395964,0.424122,0.148044,-0.052004,0.041169,-0.058348,0.104911,
1.841762,0.041034,-0.211078,-0.225534,0.677376,0.469911,0.463697,0.151642,-0.111401,-0.008742,0.002718,0.118704,
1.972496,-0.235334,-0.082611,-0.303318,0.787244,0.409578,0.441731,0.163428,-0.132010,0.071434,-0.067917,0.148097,
1.971088,-0.191053,-0.155346,-0.251317,0.816740,0.455448,0.374741,0.152404,-0.131645,0.046639,-0.003856,0.113065,
2.082354,-0.218358,-0.231739,-0.194817,0.861758,0.444912,0.381012,0.114492,-0.119268,0.074150,-0.017138,0.120675,
2.012588,-0.180329,-0.208050,-0.255072,0.889738,0.460311,0.382813,0.075369,-0.107364,0.091472,-0.028041,0.141447,
1.946381,-0.201466,-0.174374,-0.244366,0.864798,0.542525,0.329192,0.082992,-0.096276,0.055999,0.029697,0.114896,
2.002581,-0.342501,-0.113094,-0.286313,0.877524,0.580022,0.326407,0.038008,-0.055457,0.094080,-0.003503,0.154825,
1.989882,-0.304498,-0.216273,-0.227996,0.855405,0.560789,0.374125,0.003127,-0.003155,0.063197,-0.014571,0.182056,
1.988583,-0.433475,-0.197544,-0.215596,0.866344,0.582178,0.396315,-0.013801,-0.005756,0.085069,-0.039168,0.211061,
1.945421,-0.389100,-0.200765,-0.079958,0.847265,0.529358,0.381041,-0.055673,0.035503,0.097942,-0.036552,0.177991,
1.897356,-0.328602,-0.188980,-0.054496,0.900582,0.473528,0.370224,-0.013696,-0.039657,0.116601,-0.010488,0.166623,
1.853151,-0.281062,-0.187521,0.002217,0.908663,0.397713,0.351354,0.012028,-0.055312,0.100245,-0.005883,0.174940,
1.763941,-0.319755,-0.061574,-0.039249,0.877906,0.437178,0.326989,0.017959,-0.099220,0.107922,0.010820,0.153944,
1.762929,-0.343092,-0.068803,-0.100987,0.907744,0.426723,0.324469,0.062612,-0.092535,0.126250,0.018357,0.169651,
1.681726,-0.319860,0.062374,-0.111894,0.875495,0.507481,0.279323,-0.107513,-0.012404,0.155966,0.000466,0.217393,
1.554467,-0.323072,0.137012,0.029486,0.756110,0.512542,0.327016,-0.169394,-0.018038,0.154019,-0.008070,0.187601,
1.507981,-0.216292,0.341603,0.164365,0.548599,0.259942,0.342291,-0.066298,0.073112,0.128624,-0.060016,0.130901,
1.504701,-0.185833,0.235935,0.087115,0.617721,0.077106,0.289685,0.028955,0.109663,0.140806,0.023664,0.208053,
1.410433,-0.366453,0.089328,-0.049084,0.671798,0.227627,0.326241,0.083121,0.133931,0.124724,0.009982,0.185082,
1.351958,-0.367677,0.141605,-0.108903,0.587047,0.272172,0.335909,0.118625,0.121259,0.051664,-0.004170,0.170437,
