1.203530,-0.161180,0.601034,-0.191430,0.352043,0.003250,0.042612,0.153114,0.121735,0.126442,0.104527,0.159530,
1.431169,-0.056111,0.687767,-0.172729,0.419034,0.086829,0.161749,0.206075,0.096710,0.174281,0.157732,0.199547,
1.311773,0.108452,0.646760,0.039483,0.406114,0.114142,0.255201,0.141744,0.131721,0.174605,0.118122,0.142284,
1.325690,0.071404,0.593642,0.072307,0.455570,0.171121,0.312332,0.180783,0.180426,0.099284,0.056178,0.176848,
1.337655,-0.009915,0.691002,0.025328,0.502560,0.231724,0.326955,0.214377,0.138465,0.087673,0.031744,0.206231,
1.262597,0.115494,0.788471,0.010787,0.516409,0.167403,0.259704,0.181248,0.131800,0.182661,0.032780,0.162651,
1.337662,0.114652,0.736194,0.066959,0.504283,0.078844,0.240208,0.122721,0.126594,0.221629,0.077492,0.174892,
1.336372,0.018125,0.760483,0.074314,0.496909,0.115844,0.272585,0.086627,0.123537,0.269673,0.070609,0.185349,
1.251501,-0.038962,0.901198,0.076835,0.424115,0.180402,0.301529,0.154715,0.101499,0.237767,0.036674,0.143193,
1.361399,-0.047919,0.830936,0.136524,0.400865,0.131998,0.261015,0.159383,0.128696,0.216769,0.054366,0.130361,
1.507168,0.088684,0.653266,0.062078,0.434584,0.098118,0.215980,0.125919,0.146114,0.151918,0.070788,0.168230,
2.132547,0.169548,0.485425,-0.108696,0.531499,0.046309,0.054453,-0.045602,-0.013681,0.135907,0.023701,0.225485,
2.351095,0.231038,0.371454,-0.201263,0.607477,0.050815,-0.103002,-0.140729,-0.053771,0.122110,-0.000230,0.151887,
2.356243,0.351477,0.075454,-0.154417,0.575170,0.082203,-0.186449,-0.229742,-0.095128,0.040979,0.044768,-0.009567,
2.508955,0.170283,0.177410,-0.262007,0.538245,0.110705,-0.256958,-0.251680,-0.123992,0.020469,-0.013552,-0.048647,
2.539235,0.170802,0.198274,-0.250914,0.520211,0.193934,-0.231848,-0.299933,-0.142141,-0.024451,-0.043643,-0.068451,
2.596146,0.019385,0.340412,-0.350925,0.501358,0.229602,-0.292360,-0.182662,-0.181036,-0.016528,0.009685,-0.148700,
2.303258,0.267144,0.122192,-0.223334,0.429137,0.246797,-0.310564,-0.160430,-0.129104,-0.063832,0.057908,-0.161404,
2.615234,0.130403,0.277313,-0.417215,0.458578,0.248620,-0.318902,-0.211904,-0.134953,-0.064242,-0.001981,-0.134183,
2.580835,0.098932,0.298130,-0.380631,0.416201,0.224961,-0.294389,-0.221843,-0.141916,-0.052356,-0.031910,-0.150204,
2.696479,-0.056292,0.358197,-0.399256,0.353238,0.242976,-0.262590,-0.266303,-0.164224,-0.012895,-0.078086,-0.154081,
2.681871,0.027184,0.231218,-0.302191,0.317036,0.162096,-0.278655,-0.191689,-0.152970,-0.030907,-0.005451,-0.196840,
2.807131,-0.057638,0.271152,-0.394240,0.360929,0.152547,-0.328893,-0.141834,-0.194341,-0.033579,0.018031,-0.250053,
2.487836,0.190747,0.101562,-0.386021,0.416626,0.189685,-0.349077,-0.109076,-0.163558,-0.082077,0.018822,-0.266999,
2.654502,0.130508,0.168368,-0.516263,0.469756,0.171293,-0.354587,-0.145171,-0.194798,-0.067031,-0.020154,-0.254486,
2.553272,0.240433,0.026248,-0.472623,0.465798,0.129699,-0.296870,-0.177987,-0.175683,-0.050366,-0.045379,-0.226538,
2.508542,0.228292,-0.047655,-0.417585,0.454977,0.103569,-0.330457,-0.111971,-0.153828,-0.046399,-0.039377,-0.274837,
2.523670,0.173999,-0.088917,-0.376993,0.436614,0.098321,-0.322791,-0.105349,-0.148201,-0.042827,-0.044838,-0.269899,
2.673995,0.115819,-0.183342,-0.328763,0.464979,0.094896,-0.293371,-0.083704,-0.161218,-0.021641,-0.050120,-0.263557,
2.698047,0.103979,-0.210522,-0.368838,0.522423,0.096128,-0.283969,-0.087541,-0.176634,-0.003981,-0.055931,-0.265221,
2.691094,0.073711,-0.198013,-0.411060,0.568365,0.088724,-0.243923,-0.101982,-0.185553,0.032175,-0.069349,-0.253507,
2.535712,0.117494,-0.246035,-0.363206,0.537874,0.168006,-0.190087,-0.124709,-0.117884,0.011292,-0.055192,-0.222535,
2.669405,0.078825,-0.254215,-0.403837,0.564764,0.169008,-0.145444,-0.114008,-0.124285,0.045017,-0.063307,-0.214463,
2.743820,0.086929,-0.345551,-0.401666,0.603068,0.137912,-0.067487,-0.101588,-0.124880,0.091741,-0.092707,-0.205114,
2.948099,-0.038011,-0.297806,-0.463456,0.627625,0.197697,-0.042400,-0.045828,-0.187322,0.091085,-0.065526,-0.209300,
2.813933,0.085796,-0.362979,-0.325064,0.536422,0.260606,-0.003517,-0.100279,-0.114926,0.028507,-0.051272,-0.174143,
2.951534,0.083039,-0.278749,-0.385919,0.536040,0.253508,0.114730,-0.089964,-0.153227,0.065370,-0.046513,-0.109650,
2.765254,0.234905,-0.333949,-0.311614,0.518755,0.338177,0.088439,-0.081267,-0.117501,0.023629,0.005710,-0.100957,
2.941606,0.025424,-0.196660,-0.395737,0.566843,0.355659,0.081389,-0.013181,-0.142166,0.060497,0.029186,-0.108941,
2.965498,-0.029622,-0.089540,-0.392838,0.499095,0.429350,0.164900,-0.047241,-0.129174,0.059586,0.021765,-0.045726,
2.632951,0.142039,-0.098989,-0.303309,0.497550,0.422832,0.205445,-0.057257,-0.103417,0.030873,0.010231,-0.028013,
2.371656,0.316746,-0.033059,-0.185928,0.463082,0.463112,0.272097,0.009366,-0.204648,0.002974,0.015688,-0.029949,
2.499179,0.183102,0.210408,-0.221975,0.483798,0.333150,0.175201,-0.038689,-0.203179,0.055182,-0.018686,-0.085115,
2.183993,0.200660,0.457822,-0.066064,0.434584,0.180477,0.077939,-0.016180,-0.070543,0.001989,-0.147999,-0.084113,
1.924086,0.309354,0.574177,-0.056247,0.412325,0.156868,0.088622,-0.000704,-0.115231,0.046183,-0.183491,-0.149824,
1.979919,0.285317,0.529949,-0.073404,0.366189,0.221720,0.131567,-0.062754,-0.084253,0.143716,-0.209348,-0.208375,
2.028470,0.168438,0.591390,-0.076051,0.338782,0.268023,0.081097,-0.069360,-0.078846,0.108379,-0.164401,-0.200080,
1.961045,0.133682,0.630387,-0.055014,0.352907,0.224935,0.090332,-0.015420,-0.105922,0.041360,-0.185242,-0.189050,
1.800250,0.201847,0.590341,-0.074893,0.508258,0.133626,0.094219,0.029273,-0.047258,-0.024374,-0.249035,-0.063824,
1.625791,0.137907,0.640831,-0.014504,0.546694,0.105228,0.024169,0.053217,-0.115737,-0.026132,-0.170652,-0.074627,
1.618246,0.116048,0.663619,-0.007207,0.528453,0.191791,0.069601,0.034885,-0.217816,0.005075,-0.075557,-0.083649,
1.647586,0.053301,0.500237,-0.065037,0.520639,0.246874,0.096222,-0.040042,-0.210629,0.037157,-0.080920,-0.055654,
1.491780,0.154531,0.568980,-0.080499,0.551810,0.199116,0.082143,-0.067884,-0.197818,-0.045796,-0.039254,0.052029,
1.519942,0.191731,0.710568,-0.137155,0.491152,0.096736,0.147479,0.048942,-0.207897,-0.025927,-0.002341,0.094008,
1.710620,0.115496,0.632435,-0.186603,0.399637,0.065043,0.119882,0.062704,-0.124587,0.016956,-0.057924,0.076845,
1.742812,0.006241,0.309863,-0.222772,0.429443,0.187282,0.045680,0.009404,-0.039830,0.026536,-0.021510,0.027104,
2.085753,-0.298550,0.074607,-0.365180,0.483005,0.175589,0.109333,-0.045102,-0.145567,0.123052,-0.115876,-0.045709,
2.029420,-0.288180,0.058456,-0.322091,0.512100,0.257269,0.216549,0.066931,-0.115523,0.138840,-0.071133,-0.087301,
2.235411,-0.293613,0.055039,-0.420925,0.698247,0.423988,0.090944,0.189437,-0.036138,0.084405,0.009652,-0.107819,
2.551989,-0.287288,-0.095828,-0.540498,0.777604,0.477368,0.017146,0.212722,-0.071106,0.099402,0.084814,-0.177552,
2.458058,-0.105591,-0.192070,-0.466567,0.774723,0.440629,0.096134,0.203548,-0.063979,0.113772,0.086563,-0.110584,
2.226511,-0.078993,-0.148555,-0.575432,0.856119,0.382955,0.145194,0.177718,-0.002030,0.190321,0.022094,-0.023570,
2.030734,-0.019398,-0.044439,-0.542159,0.926329,0.317220,0.122068,0.175267,0.071719,0.200841,0.008489,0.060885,
2.033795,-0.084897,0.057880,-0.454046,0.836726,0.396347,0.160619,0.176789,0.048625,0.153695,0.039715,0.101520,
1.930826,-0.083471,-0.058328,-0.300804,0.810807,0.373126,0.173808,0.217754,0.025123,0.107840,0.071820,0.043329,
2.227822,-0.223145,-0.028265,-0.466716,0.869643,0.421520,0.124828,0.179870,-0.013799,0.184023,0.013046,0.001369,
2.395756,-0.368821,0.000521,-0.417590,0.756899,0.494922,0.206018,0.131288,-0.051857,0.171903,-0.015390,-0.018906,
2.520332,-0.402328,-0.081442,-0.441114,0.773312,0.506304,0.234478,0.114335,-0.071296,0.204690,-0.020723,-0.035213,
2.467184,-0.218694,-0.187210,-0.358326,0.871499,0.488332,0.177118,0.119453,-0.106124,0.144522,0.041224,-0.045309,
2.578847,-0.251523,-0.190730,-0.406646,0.902893,0.480618,0.145423,0.166468,-0.133360,0.162741,0.050770,-0.087304,
2.595734,-0.216689,-0.277692,-0.422318,0.936097,0.483112,0.156556,0.210604,-0.153679,0.153989,0.058280,-0.102370,
2.214631,0.045210,-0.341739,-0.253711,0.883229,0.505377,0.145510,0.183935,-0.148378,0.106902,0.084702,-0.067147,
2.367552,-0.176448,-0.057512,-0.453251,0.936046,0.513341,0.125231,0.142577,-0.161143,0.161301,0.083509,-0.044276,
2.251626,-0.126548,-0.162298,-0.385534,0.930222,0.530291,0.139355,0.135184,-0.117314,0.115797,0.099628,-0.027843,
2.309220,-0.233131,-0.113998,-0.441131,0.969191,0.540971,0.136986,0.188738,-0.182429,0.136835,0.113557,-0.045800,
2.308866,-0.221610,-0.120630,-0.441261,0.995639,0.537988,0.130686,0.192171,-0.192674,0.148925,0.113233,-0.055307,
2.369600,-0.249128,-0.132908,-0.394310,0.990452,0.524257,0.140641,0.127608,-0.151857,0.185794,0.076491,-0.033462,
2.293087,-0.213489,-0.072219,-0.355063,1.006454,0.538349,0.101044,0.123171,-0.163877,0.157802,0.104882,-0.039415,
2.296925,-0.160228,-0.072631,-0.312476,1.056904,0.531211,0.096235,0.123628,-0.214478,0.171431,0.127580,-0.040912,
2.348536,-0.089789,-0.232696,-0.216858,1.069472,0.496306,0.149220,0.125542,-0.234163,0.169016,0.089312,-0.024075,
2.428235,-0.196984,-0.146081,-0.248227,1.045088,0.521619,0.149820,0.111038,-0.231393,0.161625,0.098887,-0.022572,
2.433932,-0.188873,-0.219094,-0.194122,0.997474,0.586199,0.132416,0.085647,-0.185848,0.106802,0.141347,-0.003760,
2.450603,-0.214795,-0.131935,-0.268078,0.999739,0.607863,0.103021,0.096350,-0.180952,0.118098,0.166984,-0.019477,
2.049924,0.030438,-0.276541,-0.103180,0.948175,0.646687,0.107179,0.091026,-0.168803,0.098297,0.170952,0.005300,
2.358729,-0.155419,-0.163477,-0.203668,1.031448,0.610826,0.122644,0.088093,-0.193181,0.130480,0.180746,0.006821,
2.296784,-0.163392,-0.134249,-0.203278,0.999046,0.634841,0.132019,0.060890,-0.152375,0.118777,0.174343,0.026887,
2.288234,-0.130719,-0.182130,-0.218570,0.985102,0.688490,0.073250,0.091196,-0.119857,0.084315,0.222535,0.002649,
2.072306,0.014320,-0.205407,-0.203840,1.068338,0.607550,0.115218,0.072681,-0.172229,0.154551,0.185209,0.007840,
2.136518,0.006600,-0.221906,-0.194809,1.083904,0.563450,0.146835,0.065793,-0.167023,0.182816,0.145498,0.022552,
2.207150,-0.106545,-0.122025,-0.184415,1.060032,0.562181,0.163958,0.015391,-0.118853,0.188478,0.119897,0.068298,
1.936317,0.013328,-0.115101,-0.018635,0.927342,0.662466,0.233918,-0.067071,-0.088690,0.109570,0.151715,0.127105,
2.124648,-0.038769,-0.034718,-0.091000,0.962655,0.683706,0.224613,-0.048295,-0.129112,0.120895,0.170149,0.131812,
2.039754,-0.082296,0.000608,-0.135826,1.017030,0.656020,0.171011,-0.057636,-0.089143,0.151587,0.171950,0.139104,
2.033743,0.034565,0.124497,-0.144693,1.037103,0.646252,0.264583,-0.092983,-0.083284,0.176348,0.100167,0.208239,
1.967593,0.130486,0.165938,-0.190219,0.969885,0.661171,0.233109,0.055300,-0.135717,0.122039,0.154453,0.121861,
2.046620,-0.142252,0.131127,-0.208664,0.953021,0.688016,0.196432,-0.036263,-0.097145,0.153503,0.159786,0.166812,
1.990685,-0.252983,0.206619,-0.009458,0.842485,0.644738,0.245197,-0.123813,0.018513,0.200770,0.053564,0.173934,
1.899921,-0.275502,0.348557,0.127277,0.723714,0.679056,0.180691,-0.123986,0.181701,0.188044,-0.008134,0.145253,
1.919916,-0.231568,0.387009,-0.142098,0.762253,0.691108,0.244042,-0.093708,0.024906,0.193039,0.020828,0.213553,
1.793665,-0.028873,0.338140,-0.192341,0.710530,0.626258,0.284382,-0.054353,-0.043970,0.183303,0.060178,0.176544,
1.769939,-0.039155,0.409351,-0.192982,0.757367,0.443477,0.159652,0.036689,0.002494,0.197989,0.114859,0.178950,
1.799977,-0.188875,0.536280,-0.111292,0.745946,0.424920,0.173936,0.047337,0.007060,0.234272,0.010441,0.150668,
1.764542,-0.180973,0.602539,-0.062904,0.721309,0.372446,0.231770,0.089215,-0.032493,0.280790,-0.052834,0.071264,
1.585208,-0.159900,0.600513,-0.109352,0.713692,0.279107,0.134447,0.189390,-0.004836,0.199385,0.023901,0.088373,
