1.326364,-0.214280,0.636689,0.082245,0.449746,0.060196,0.241301,0.157749,0.134714,0.267711,0.090046,0.136619,
1.338177,-0.192773,0.691650,0.047983,0.415160,0.125488,0.292247,0.235222,0.159079,0.243047,0.055245,0.119287,
1.404707,-0.248580,0.652711,0.083169,0.479900,0.051985,0.240031,0.307699,0.070107,0.238485,0.085931,0.063324,
1.342711,-0.134722,0.567473,0.224881,0.460939,0.044260,0.280091,0.305961,0.120274,0.107128,0.078105,0.133569,
1.335971,-0.039784,0.609354,0.228420,0.517758,0.064632,0.335030,0.262223,0.080102,0.031363,0.001340,0.201288,
1.244150,-0.055536,0.714256,0.198783,0.549416,0.150615,0.301981,0.317983,0.083652,0.054105,-0.020905,0.165697,
1.286546,-0.167091,0.861004,0.096446,0.440510,0.213304,0.304132,0.307152,0.084383,0.091307,0.017463,0.150216,
1.343645,-0.200958,0.901492,0.052084,0.494961,0.218359,0.236980,0.314027,0.100242,0.108869,0.040357,0.168408,
1.240203,-0.133299,0.782781,-0.017710,0.497296,0.234411,0.227158,0.254200,0.153126,0.133954,0.016239,0.155340,
1.289611,-0.076064,0.640625,-0.019201,0.545055,0.270158,0.171996,0.280801,0.170276,0.062811,-0.002532,0.115104,
1.347970,-0.181426,0.743950,-0.041087,0.545885,0.325151,0.188738,0.297082,0.085593,-0.000044,0.012727,0.154750,
1.279776,-0.084297,0.676278,-0.156176,0.432556,0.368835,0.311039,0.182373,0.139317,0.068351,-0.001232,0.194887,
1.270070,0.023763,0.649178,-0.240760,0.321273,0.254335,0.323116,0.175107,0.198205,0.103304,-0.018692,0.166090,
1.282409,-0.031584,0.684186,-0.172220,0.299452,0.138556,0.287202,0.310931,0.222613,0.120230,-0.031852,0.093873,
1.259007,-0.123097,0.658920,-0.054393,0.317626,0.120187,0.223597,0.301915,0.237444,0.107216,-0.022368,0.085383,
1.245526,-0.032984,0.523052,-0.066020,0.353337,0.107655,0.286632,0.334599,0.266370,0.035431,-0.080978,0.096403,
1.361198,-0.008894,0.576363,-0.087909,0.322466,0.116643,0.265870,0.364529,0.152326,0.073458,-0.022756,0.030031,
1.252177,-0.067119,0.646095,-0.083628,0.280987,0.050060,0.284731,0.338464,0.147356,0.146669,-0.025257,0.037565,
1.032057,-0.103600,0.620354,0.058845,0.347450,-0.028083,0.332090,0.338356,0.216607,0.244640,-0.038623,0.039525,
1.119460,-0.142596,0.572063,0.015351,0.300323,-0.058489,0.360643,0.337869,0.123481,0.201579,0.015572,0.033484,
0.971799,-0.367452,0.569075,-0.019958,0.323165,-0.105297,0.194583,0.277155,0.094119,0.128210,0.045657,0.070659,
0.560854,-0.752181,0.658261,0.202305,0.152851,-0.249853,0.098843,0.232212,0.126890,0.086292,0.022058,0.101611,
0.484239,-0.773987,0.563828,0.227779,0.055943,-0.293659,0.112976,0.144974,0.134282,0.097040,0.007543,0.127015,
0.365488,-0.433925,0.709082,0.033778,0.209570,-0.248718,0.059080,0.188755,0.125159,0.080039,0.073047,0.073237,
0.169493,-0.289018,0.800689,-0.033520,0.311630,-0.263947,-0.025099,0.026834,0.112922,0.191193,0.036820,0.012350,
-0.302651,-0.533687,0.718156,0.117289,0.293648,-0.258745,0.215667,0.020542,0.078170,0.143769,-0.170390,0.072511,
-0.585826,-0.722323,0.685362,0.195315,0.450413,-0.153442,0.218301,-0.016856,0.061256,0.139844,-0.151142,0.072923,
-0.643749,-0.855628,0.676391,0.204018,0.544814,-0.072512,0.109326,0.028914,0.076600,0.055200,0.013735,0.045157,
-0.724987,-0.957131,0.658041,0.302570,0.364404,-0.057885,0.076987,0.054900,0.138073,-0.025821,0.028798,0.045584,
-0.761009,-1.168515,0.667532,0.181689,0.395119,-0.041941,0.022313,0.035214,-0.008148,0.051174,-0.033044,0.031921,
-0.839817,-1.214309,0.660543,0.085086,0.591404,-0.047410,-0.004867,0.055430,-0.110030,0.066424,0.040298,0.059737,
-0.915076,-1.239171,0.709414,0.033182,0.591216,0.041746,0.040108,0.028931,-0.113476,0.110401,0.093726,0.072334,
-0.931538,-1.302870,0.624847,0.037637,0.635159,0.077834,0.055317,0.090556,-0.054004,0.103011,0.165879,0.087207,
-0.829077,-1.164510,0.596637,0.162049,0.618016,0.073716,0.092611,0.103871,0.008307,0.062911,0.220023,0.049455,
-0.584059,-0.950007,0.714420,0.178114,0.707808,0.154582,0.084542,0.148755,0.033012,0.037800,0.155942,0.111705,
-0.203355,-0.966301,0.712493,0.145769,0.815582,0.165597,0.199935,0.188160,-0.069341,0.107207,0.120208,0.168429,
0.128238,-0.909304,0.579544,0.167770,0.845070,0.198136,0.258464,0.154548,-0.059229,0.122278,0.139677,0.149664,
0.364802,-0.853333,0.513817,0.213220,0.747685,0.170201,0.342491,0.215007,-0.056105,0.062780,0.085530,0.188628,
0.507933,-0.822218,0.455778,0.142478,0.797633,0.264776,0.341785,0.171201,-0.095736,0.097970,0.132800,0.164806,
0.594508,-0.797737,0.396701,0.019781,0.858677,0.376090,0.338766,0.117834,-0.138302,0.132858,0.193066,0.129364,
0.602336,-0.776605,0.300930,0.080647,0.835088,0.461761,0.308975,0.029288,-0.012760,0.070108,0.200952,0.137542,
0.626235,-0.689296,0.247501,0.001046,0.942931,0.444225,0.291275,0.037539,-0.046556,0.134084,0.151427,0.125260,
0.661504,-0.545136,0.207655,-0.108696,1.004702,0.497673,0.275132,0.001855,-0.072001,0.217392,0.086518,0.128193,
0.559023,-0.413349,0.056002,-0.025762,0.977703,0.501201,0.289424,-0.005483,-0.033721,0.087703,0.209431,0.102258,
0.659951,-0.268970,-0.005601,-0.135726,1.079625,0.491445,0.238468,0.037659,-0.047798,0.107351,0.164445,0.092881,
0.729806,-0.170039,0.035951,-0.176095,1.031437,0.571729,0.197357,0.012302,-0.028114,0.138354,0.095880,0.110052,
0.781036,-0.177076,0.077407,-0.018992,0.822389,0.664063,0.249290,-0.131192,0.054143,0.177825,-0.006802,0.179484,
0.860259,-0.159533,0.038959,0.000256,0.809165,0.667663,0.274010,-0.171515,0.057424,0.165498,0.004965,0.187455,
0.790257,-0.090152,-0.022934,-0.103227,0.919898,0.622188,0.245566,-0.084835,0.002316,0.108606,0.084865,0.158487,
0.807865,-0.099305,-0.009828,-0.188087,0.993468,0.613391,0.201237,-0.002904,-0.096564,0.135656,0.106475,0.107433,
0.953559,-0.146946,0.021924,-0.201939,1.012094,0.614700,0.152100,0.044325,-0.158581,0.167932,0.106775,0.051952,
0.782446,0.034534,-0.128569,-0.166464,1.034109,0.543475,0.212394,0.025850,-0.145060,0.139245,0.104244,0.074088,
0.779056,0.028665,-0.110767,-0.159471,0.965763,0.563400,0.265949,-0.033727,-0.114077,0.106737,0.097164,0.122468,
0.809922,-0.036533,-0.065336,-0.137622,0.876579,0.625948,0.304102,-0.100135,-0.096287,0.108609,0.067515,0.168739,
0.833434,-0.126791,-0.023786,-0.106776,0.805578,0.667197,0.354591,-0.184610,-0.072379,0.121187,0.033056,0.205127,
0.845961,-0.211417,0.038093,-0.121058,0.814156,0.657862,0.381283,-0.229763,-0.063264,0.153079,-0.001936,0.233272,
0.823123,-0.150373,0.025902,-0.128744,0.837997,0.657913,0.357362,-0.219329,-0.065338,0.158718,0.004689,0.240383,
0.834504,-0.121571,0.058041,-0.139763,0.838783,0.713348,0.271209,-0.149097,-0.145091,0.218183,0.015401,0.199311,
0.822067,-0.186879,0.080660,-0.136414,0.841847,0.731623,0.240277,-0.120776,-0.179941,0.245975,0.034645,0.158088,
0.863636,-0.171624,0.073691,-0.131290,0.847369,0.718945,0.245235,-0.123055,-0.182387,0.251430,0.029475,0.159275,
0.844602,-0.054855,-0.069926,-0.101792,0.906542,0.613368,0.299888,-0.131278,-0.117487,0.147005,0.073774,0.197272,
0.802812,-0.118020,-0.043960,-0.044331,0.807200,0.622674,0.378144,-0.209555,-0.062800,0.128069,0.042773,0.223577,
0.961590,-0.115891,0.054720,-0.084772,0.831193,0.659488,0.276673,-0.123670,-0.159699,0.228778,0.006891,0.166638,
0.896596,0.011328,-0.047264,-0.135245,0.886242,0.651847,0.220001,-0.066850,-0.113222,0.100592,0.091794,0.161195,
0.954044,-0.129676,-0.030759,-0.044452,0.754271,0.680442,0.351754,-0.208148,-0.100308,0.177235,0.013670,0.190869,
1.003456,-0.101383,-0.079421,0.025038,0.726206,0.655521,0.460912,-0.351833,-0.066470,0.233289,-0.036171,0.210855,
1.028105,-0.000741,-0.160933,0.018396,0.790881,0.635441,0.428537,-0.348408,-0.024613,0.165753,0.010913,0.223524,
1.169170,-0.090328,-0.163495,0.026935,0.802883,0.640500,0.390855,-0.298041,-0.069976,0.170541,0.055535,0.182818,
1.187950,-0.188478,-0.136374,-0.042047,0.846634,0.636885,0.333022,-0.247186,-0.035970,0.108395,0.085665,0.186391,
1.165526,-0.205901,-0.129521,0.031960,0.761973,0.678307,0.327862,-0.259548,-0.051125,0.135161,0.087303,0.154675,
1.135337,-0.209471,-0.110097,0.096847,0.708594,0.614388,0.473189,-0.372387,-0.059159,0.216726,0.025874,0.148308,
1.163287,-0.228137,-0.093599,0.122090,0.675939,0.558637,0.570289,-0.419142,-0.057607,0.239137,0.007603,0.140619,
1.279237,-0.257421,-0.068299,0.108508,0.635454,0.547000,0.577653,-0.353963,-0.080440,0.241098,0.001130,0.098447,
1.419529,-0.226760,0.043484,-0.017821,0.668826,0.591499,0.458268,-0.214969,-0.116566,0.224433,-0.026692,0.100155,
1.533050,-0.104310,0.160402,-0.176186,0.741458,0.602345,0.355800,-0.054051,-0.148998,0.166471,-0.017610,0.106998,
1.384692,0.203860,0.333697,-0.304333,0.656674,0.464172,0.389440,0.122015,-0.088518,0.063979,-0.008733,0.179149,
1.323804,0.433223,0.530521,-0.274521,0.736739,0.401471,0.256155,0.111092,-0.035425,0.002889,0.166114,0.223770,
1.303387,0.384437,0.653206,-0.139109,0.660844,0.297190,0.274307,0.081124,-0.067591,0.038891,0.195677,0.215584,
1.218478,0.445522,0.566803,-0.050038,0.715115,0.239278,0.328431,0.017450,0.023455,0.070688,0.092459,0.229162,
1.211032,0.441711,0.459540,-0.153963,0.871905,0.335635,0.253234,0.056278,0.048287,0.033269,0.116059,0.219632,
1.202996,0.458881,0.352948,-0.276000,0.984079,0.499972,0.207186,0.075346,0.021295,0.015985,0.162494,0.197108,
1.195919,0.496623,0.384740,-0.311295,0.900060,0.569778,0.223787,0.114451,0.014732,-0.069082,0.173296,0.212268,
1.288845,0.475789,0.524445,-0.288056,0.799330,0.537057,0.237230,0.151647,0.045962,-0.124859,0.127573,0.218880,
1.296717,0.540408,0.535125,-0.260480,0.804853,0.510588,0.221335,0.089892,0.054113,-0.080103,0.138201,0.218457,
1.275983,0.542275,0.665702,-0.302707,0.795158,0.475840,0.219845,0.075521,-0.012558,-0.061760,0.163802,0.255467,
1.313767,0.522674,0.685528,-0.366966,0.836244,0.504395,0.215195,0.109553,-0.025425,-0.066292,0.141174,0.273245,
1.305527,0.500442,0.611612,-0.345278,0.834942,0.491241,0.259509,0.104153,0.007371,-0.092322,0.105431,0.284382,
1.303222,0.488517,0.705219,-0.353004,0.750539,0.474691,0.266864,0.143632,-0.007793,-0.113115,0.098106,0.264913,
1.322082,0.568257,0.730275,-0.390718,0.740020,0.443005,0.259347,0.100288,-0.015372,-0.090459,0.109108,0.292014,
1.363506,0.580953,0.696687,-0.391940,0.796308,0.381894,0.287922,0.119180,-0.054590,-0.050871,0.085202,0.292112,
1.329928,0.514617,0.707863,-0.373718,0.779065,0.369741,0.294024,0.192186,-0.129524,-0.034091,0.130600,0.235510,
1.303415,0.476060,0.656631,-0.292313,0.704051,0.322406,0.314738,0.168962,-0.081142,-0.044089,0.171325,0.238931,
1.308680,0.488784,0.630786,-0.161144,0.691251,0.306742,0.322824,0.161074,-0.019121,-0.102454,0.189535,0.228718,
1.208852,0.569836,0.625809,-0.126422,0.747393,0.346998,0.424095,0.120124,-0.104428,0.011889,0.113471,0.232813,
1.093802,0.619581,0.549990,-0.151181,0.822742,0.404651,0.330839,0.126026,-0.010296,-0.043003,0.203379,0.212373,
1.200120,0.563288,0.524082,-0.126210,0.858029,0.363465,0.270048,0.182678,0.037326,-0.026394,0.189764,0.174588,
1.323199,0.518002,0.677622,-0.060693,0.910114,0.366332,0.263605,0.171033,-0.031465,0.116683,0.089134,0.165294,
1.167896,0.566007,0.669512,-0.004090,0.902293,0.338482,0.260721,0.138384,-0.033383,0.120746,0.148060,0.154195,
1.046707,0.454381,0.605141,-0.038196,0.758705,0.299498,0.271792,0.120294,-0.007407,0.101721,0.195891,0.164051,
0.917051,0.423960,0.767832,-0.020722,0.841339,0.218202,0.181548,0.137030,-0.021458,0.117300,0.115885,0.094426,
0.926525,0.220938,0.741750,0.015533,0.803563,0.069257,0.114584,0.204340,-0.046825,0.118501,0.089612,0.033718,
1.277932,0.182782,0.877701,0.005406,0.657588,0.204569,0.220305,0.148590,-0.055810,0.171858,0.058390,0.109204,
1.267482,0.069468,0.885628,0.020509,0.598641,0.217340,0.177713,0.109805,0.009873,0.254232,0.007359,0.070412,
1.190183,-0.057372,0.709167,0.067763,0.541637,0.268655,0.246493,0.090786,0.004166,0.108387,-0.020661,0.096573,
1.261359,-0.099394,0.740416,-0.011982,0.491741,0.224238,0.264217,0.104037,-0.066224,0.044213,0.039616,0.152452,
1.039683,-0.584347,0.890902,0.125464,0.392301,0.277547,0.247266,0.041625,-0.061255,0.152857,0.022381,0.114797,
0.890457,-0.701361,0.912836,0.163801,0.292110,0.265507,0.269236,0.023227,0.027729,0.170154,0.017370,0.111015,
0.687210,-0.378800,0.934215,0.077782,0.335107,0.255968,0.320854,0.052806,0.091330,0.151955,0.047450,0.133031,
0.287074,-0.172443,1.018860,-0.022265,0.367442,0.262161,0.346477,0.056232,0.116389,0.190748,-0.011672,0.085028,
0.020344,-0.324793,1.223954,-0.098533,0.320525,0.264843,0.284393,0.139219,0.132681,0.182260,-0.017571,-0.004521,
-0.054621,-0.433456,1.298946,-0.087225,0.265716,0.266424,0.194401,0.250202,0.049918,0.066771,0.036396,-0.048279,
-0.188493,-0.371200,1.274104,-0.029971,0.290556,0.216580,0.178859,0.223498,0.070718,0.039960,0.044525,-0.028388,
-0.239635,-0.373354,1.302869,-0.036124,0.261322,0.213747,0.152571,0.198884,0.103528,0.065998,-0.030609,-0.025133,
-0.372181,-0.412862,1.385377,-0.075598,0.254851,0.191162,0.189250,0.215464,0.065948,0.068541,-0.055790,0.003495,
-0.434684,-0.537852,1.416861,-0.007557,0.269150,0.168853,0.192089,0.128247,0.055658,0.050502,-0.087137,0.091094,
-0.475495,-0.448262,1.183594,-0.144998,0.176216,0.141895,0.273070,0.155966,0.127742,-0.098502,-0.093553,0.110506,
-0.444625,-0.352779,1.218255,-0.364904,0.064667,0.001020,0.338860,0.332849,0.104920,0.035963,-0.081514,-0.038938,
-0.266988,-0.347322,1.140409,-0.334695,0.049068,-0.063633,0.333752,0.408623,0.084420,0.072398,-0.003792,-0.071596,
-0.315262,-0.367582,1.074252,-0.228383,0.064632,-0.134794,0.396892,0.383872,0.018866,0.081650,0.062153,-0.090639,
-0.503672,-0.427304,1.084219,-0.211621,0.216482,-0.052189,0.269715,0.273320,0.029842,0.085323,-0.001405,-0.015641,
-0.469773,-0.470932,1.166758,-0.244895,0.146042,0.046214,0.349594,0.296730,0.037631,0.072684,-0.014918,0.003495,
-0.409121,-0.525961,1.143905,-0.172928,0.195804,0.133474,0.325408,0.251262,0.107367,0.016050,-0.077693,0.072891,
-0.425446,-0.425220,1.119697,-0.208530,0.227374,0.195014,0.235952,0.261705,0.246067,-0.048780,-0.071298,0.098977,
-0.498709,-0.426860,1.137082,-0.215965,0.223483,0.157106,0.136930,0.190148,0.130479,0.011998,0.036739,0.071599,
-0.309926,-0.487720,0.949768,-0.354092,0.156547,0.020812,0.058562,0.178631,0.044912,0.149201,0.123297,-0.028649,
-0.168908,-0.577909,0.911209,-0.366553,0.074692,-0.036204,0.187442,0.249745,0.092946,0.134927,0.003078,0.001559,
-0.192831,-0.588188,0.947888,-0.275451,-0.045673,-0.004096,0.262398,0.166991,0.120303,0.066079,-0.050092,0.052052,
-0.243211,-0.620120,1.034902,-0.285147,-0.000823,0.081284,0.118344,0.180787,0.032525,-0.006397,-0.021837,-0.003165,
-0.300596,-0.614576,1.026889,-0.362723,0.097576,-0.003550,0.004448,0.146822,-0.075439,0.002973,0.016796,-0.064422,
-0.289653,-0.513833,0.975594,-0.484710,-0.024756,-0.137016,0.065288,0.247156,0.056834,0.040491,-0.047179,-0.065683,
-0.368486,-0.503352,0.849352,-0.476022,-0.090551,-0.165788,0.112627,0.320802,0.159683,0.005876,-0.059393,-0.025187,
-0.325261,-0.505564,0.768386,-0.431998,-0.164181,-0.240682,0.093415,0.130845,0.096503,-0.045440,-0.103493,0.008578,
-0.277274,-0.580085,0.809821,-0.354777,-0.194750,-0.281644,0.091286,0.000356,-0.007603,-0.113547,-0.128439,0.053416,
-0.370917,-0.520089,1.007397,-0.315756,-0.170560,-0.252985,0.148152,0.112825,0.036125,-0.074762,-0.066725,0.056885,
-0.424291,-0.467003,1.143965,-0.427084,-0.215221,-0.185057,0.247534,0.236582,0.042910,0.067277,0.027285,-0.035130,
-0.380369,-0.385647,1.088195,-0.378931,-0.198465,-0.276464,0.226956,0.150181,0.047851,0.041971,-0.017137,-0.034988,
-0.222902,-0.415183,0.953956,-0.277687,-0.166791,-0.253524,0.135763,0.060243,0.115579,-0.010644,-0.086402,0.038167,
-0.273196,-0.471894,0.824149,-0.323789,-0.107593,-0.234025,0.176544,0.198701,0.098264,0.003483,-0.036509,0.020693,
-0.249494,-0.551039,0.934916,-0.267796,0.065354,-0.267401,0.161130,0.305380,-0.050560,0.023338,0.050849,0.025681,
-0.192394,-0.557475,0.963826,-0.265104,0.062201,-0.265785,0.080549,0.233555,-0.031294,0.056343,0.069370,0.023951,
-0.122404,-0.645042,0.885290,-0.184672,0.015710,-0.190388,0.040999,0.076384,0.048507,0.059772,0.056547,0.049185,
-0.300315,-0.812870,0.872969,-0.028802,0.120176,-0.080919,0.109305,0.074602,-0.003252,0.020834,0.045577,0.034342,
-0.496651,-0.909010,0.799942,-0.033756,0.038463,-0.072679,0.291387,0.126927,0.035520,0.088057,0.009166,0.089437,
-0.432029,-0.786041,0.886857,-0.084136,-0.184500,-0.178712,0.342440,0.138443,0.112664,0.132551,-0.022297,0.144529,
-0.320807,-0.862828,0.757872,-0.165856,-0.147886,-0.102964,0.266642,0.163060,0.144667,0.176065,-0.042366,0.080380,
-0.298672,-0.894630,0.823728,-0.247613,-0.046957,-0.092323,0.228710,0.254500,0.099114,0.161708,0.022090,-0.014349,
-0.267913,-0.785950,0.861256,-0.169628,0.005599,-0.101918,0.289957,0.181386,0.063501,0.095891,0.001199,0.017557,
-0.303368,-0.848971,0.902292,-0.204737,-0.067956,-0.085626,0.230258,0.212277,0.063826,0.064250,-0.028005,0.009766,
-0.362784,-0.852752,0.921927,-0.211229,-0.073101,-0.058371,0.201897,0.230975,0.100562,0.031341,-0.043672,0.058250,
