0.263429,-0.152746,0.386843,-0.226710,0.035086,-0.183442,0.094773,-0.181848,-0.148546,-0.041385,0.069355,0.041786,
0.274847,-0.247092,0.329343,-0.311826,0.043225,-0.351647,0.015784,-0.210219,-0.152134,-0.056046,0.040102,0.166856,
0.287270,-0.201442,0.292957,-0.283843,0.094334,-0.441791,-0.019520,-0.153762,-0.099234,-0.036206,0.049404,0.166383,
0.375733,-0.187281,0.286195,-0.385909,0.014199,-0.377600,0.024311,-0.156080,-0.137185,-0.016624,0.091830,0.096763,
0.359602,-0.306696,0.314842,-0.364932,0.108868,-0.308771,0.019991,-0.056223,-0.174280,0.007769,0.036938,0.097890,
0.472286,-0.377695,0.211814,-0.342226,0.031602,-0.331487,0.074432,-0.090560,-0.108468,0.049908,-0.001052,0.067727,
0.560362,-0.413814,0.213290,-0.204689,-0.100237,-0.445020,0.028896,-0.160686,0.017369,0.057944,-0.029468,0.044725,
0.580640,-0.388587,0.222811,-0.299096,-0.046121,-0.515198,-0.033899,-0.093171,0.021232,-0.078978,-0.027050,0.032884,
0.582857,-0.392780,0.164464,-0.397737,0.041282,-0.399630,0.052299,-0.113635,-0.043126,-0.100083,-0.064119,0.032071,
0.681950,-0.510069,0.276306,-0.288117,0.114576,-0.390005,-0.005370,-0.038233,-0.064596,-0.108460,-0.187072,0.062887,
0.808599,-0.397922,0.332763,-0.216129,0.146832,-0.358378,-0.098917,-0.012715,-0.072288,-0.097510,-0.144269,0.031275,
0.912914,-0.221528,0.224466,-0.239621,0.103821,-0.338461,0.008477,-0.062718,-0.079581,-0.035978,-0.117016,0.002780,
0.905583,-0.238988,0.243635,-0.246687,0.116301,-0.415631,0.016231,-0.077410,-0.142455,-0.099826,-0.060512,0.084612,
1.080139,0.009545,0.564988,0.005601,0.086904,-0.276969,0.259104,-0.110760,-0.093599,-0.066923,-0.027108,0.208366,
1.251441,0.257248,0.765281,0.240705,0.308639,-0.095504,0.336424,-0.048407,-0.014705,-0.020592,0.050386,0.157140,
1.563889,0.426085,0.976865,0.282969,0.617663,0.068731,0.178462,-0.026072,-0.161178,0.031754,0.009708,0.029016,
1.710385,0.568411,0.944901,0.280027,0.845883,0.076391,0.055282,-0.105448,-0.163160,0.002814,-0.059712,-0.000602,
1.824432,0.597374,0.865576,0.261872,0.920573,0.119934,-0.003315,-0.092049,-0.155864,-0.025115,-0.042485,-0.025748,
1.904540,0.544557,0.773347,0.391795,0.939717,0.048992,0.003507,0.001803,-0.154677,-0.059877,-0.053293,-0.020908,
2.004841,0.507059,0.791557,0.410995,0.937889,0.044002,0.019957,-0.005093,-0.175181,-0.068011,-0.080377,-0.000340,
2.028494,0.550813,0.780519,0.371542,0.927151,0.119251,-0.007246,-0.045214,-0.174959,-0.065886,-0.048728,-0.034691,
1.980952,0.646456,0.702594,0.386318,0.899435,0.226667,-0.056907,-0.021213,-0.162717,-0.106774,0.044260,-0.083655,
2.050317,0.514621,0.728876,0.406717,0.950660,0.225663,-0.098085,-0.024991,-0.089335,-0.147523,0.011310,-0.046356,
2.094600,0.429886,0.825852,0.312092,1.149394,0.137579,-0.160025,0.051871,-0.163457,-0.058841,-0.067812,-0.086610,
2.047956,0.555789,0.761685,0.279790,1.174712,0.106637,-0.148115,0.045572,-0.231510,0.029570,-0.053810,-0.159874,
1.708547,0.761755,0.628201,0.459120,0.840564,0.208996,-0.129633,0.041357,-0.203089,-0.020761,0.068105,-0.181165,
2.007224,0.632298,0.669609,0.363206,1.113602,0.171318,-0.195486,0.074050,-0.174355,-0.083765,0.018848,-0.192938,
2.034242,0.572671,0.639698,0.420337,1.097869,0.161996,-0.205457,0.077968,-0.132539,-0.107371,-0.000792,-0.161614,
2.049578,0.469794,0.771384,0.358756,1.130513,0.130550,-0.209405,0.069578,-0.168109,-0.057106,-0.018303,-0.164398,
1.769480,0.690984,0.662340,0.467623,0.898761,0.142651,-0.158276,0.064361,-0.229009,-0.039345,0.048707,-0.198564,
1.884669,0.643726,0.720898,0.397361,1.019566,0.083127,-0.154417,0.085857,-0.248572,-0.030408,0.002116,-0.200147,
1.922984,0.587344,0.711205,0.378771,1.018214,0.121327,-0.159809,0.066446,-0.200797,-0.053739,0.019865,-0.170985,
1.989703,0.485426,0.799466,0.301630,1.129075,0.105039,-0.199090,0.094995,-0.196393,-0.090618,-0.017046,-0.146846,
2.016032,0.512319,0.822351,0.228745,1.179632,0.089888,-0.212893,0.100204,-0.227508,-0.104544,-0.053441,-0.150327,
1.881675,0.706761,0.639439,0.359605,0.988300,0.176219,-0.206550,-0.011715,-0.134226,-0.159542,0.048572,-0.188944,
1.728364,0.799268,0.644165,0.395527,0.837732,0.169249,-0.152610,-0.038952,-0.215464,-0.062975,0.049564,-0.194598,
2.000831,0.676526,0.767601,0.112015,1.176078,0.065660,-0.203513,-0.015879,-0.295452,0.035429,-0.075229,-0.207776,
1.966972,0.642405,0.745514,0.081289,1.251380,-0.000461,-0.209599,0.025421,-0.320890,0.028526,-0.116808,-0.182402,
1.968284,0.625233,0.789864,0.216914,1.039007,0.045199,-0.175150,-0.040264,-0.265835,0.012055,-0.071597,-0.172839,
1.747062,0.768206,0.748156,0.326568,0.814564,0.104044,-0.217387,-0.067409,-0.246696,-0.030367,0.001718,-0.236078,
1.815203,0.714273,0.815948,0.168954,1.028199,-0.014214,-0.293398,-0.038616,-0.235704,-0.043362,-0.064436,-0.259477,
1.789677,0.734054,0.846616,0.133554,1.031896,-0.070243,-0.245406,-0.064560,-0.256949,0.045203,-0.124458,-0.205072,
1.697647,0.811708,0.797889,0.129146,1.015977,-0.137075,-0.169436,-0.069241,-0.266076,0.078132,-0.152178,-0.142137,
1.857180,0.751571,0.770581,0.032538,1.115184,-0.161766,-0.176724,0.012643,-0.298167,0.061784,-0.180828,-0.097804,
1.873963,0.759401,0.752474,0.116091,0.954385,-0.125301,-0.175411,-0.025630,-0.220279,0.029050,-0.130757,-0.092050,
1.866541,0.760834,0.753783,0.145686,0.815703,-0.119511,-0.113810,-0.118830,-0.109945,-0.016790,-0.125777,0.009769,
1.907543,0.837138,0.742608,0.043368,0.676208,0.000409,-0.111356,-0.247706,-0.041849,0.012666,-0.065332,0.056521,
2.098726,0.825047,0.706420,-0.116278,0.731848,0.044677,-0.230558,-0.214210,-0.043032,0.041847,0.010620,0.037751,
1.952782,0.961640,0.523855,0.100527,0.640737,0.063775,-0.201002,-0.295236,0.016292,0.029993,0.082753,-0.006215,
1.905494,0.911481,0.440595,0.048168,0.687840,0.034380,-0.195644,-0.280381,0.024491,0.022879,0.144039,0.022800,
1.849970,0.930597,0.428626,-0.050927,0.710474,-0.014202,-0.141959,-0.268445,-0.045264,0.103061,0.157173,0.096493,
1.882512,1.051690,0.411853,-0.167573,0.721989,-0.052181,-0.074303,-0.262794,-0.125565,0.176351,0.142780,0.178917,
2.080429,0.850899,0.405916,-0.158173,0.698215,-0.024577,-0.069823,-0.222026,-0.111910,0.170944,0.127008,0.190070,
2.160757,0.614188,0.514450,-0.210467,0.645776,0.035216,-0.058948,-0.106118,-0.124709,0.191450,0.121728,0.191103,
2.134589,0.569729,0.537084,-0.308490,0.561456,0.106827,-0.019614,0.018213,-0.114331,0.207341,0.189549,0.177545,
2.136801,0.373794,0.486691,-0.280993,0.618455,0.252881,-0.070099,-0.002776,0.051358,0.165543,0.251893,0.222534,
1.996361,0.354368,0.307606,-0.224579,0.571556,0.355509,0.011020,0.016175,0.179787,0.125572,0.277460,0.206269,
2.166090,0.249997,0.290460,-0.358520,0.681585,0.254970,0.098011,0.048397,0.111174,0.252130,0.162561,0.249372,
1.953052,0.396136,0.206360,-0.185427,0.535575,0.244162,0.194318,0.034221,0.104829,0.224908,0.229533,0.208102,
1.992291,0.258266,0.246746,-0.196751,0.592034,0.316593,0.149290,0.087942,0.090296,0.227669,0.204357,0.132836,
2.001452,0.165591,0.377189,-0.285617,0.565571,0.388520,0.178237,0.072579,0.106520,0.280204,0.140848,0.114516,
2.044943,0.175629,0.492645,-0.329479,0.478294,0.394608,0.196395,0.086164,0.110940,0.330491,0.116674,0.094732,
2.043744,0.200090,0.487588,-0.299630,0.421884,0.347402,0.211298,0.095534,0.106724,0.335067,0.123508,0.084312,
1.999360,0.195828,0.376344,-0.195199,0.438983,0.283057,0.131950,0.204053,0.119346,0.259710,0.214441,0.050869,
2.157865,-0.052616,0.454066,-0.323771,0.561501,0.267479,0.048073,0.276934,0.142838,0.264758,0.186457,0.072878,
2.031433,0.111546,0.307290,-0.283167,0.546752,0.336932,0.011681,0.224523,0.204575,0.194746,0.262978,0.075756,
2.060901,0.129248,0.289240,-0.366082,0.605889,0.335509,0.023614,0.247517,0.218555,0.222929,0.206279,0.022760,
1.972425,0.117229,0.144092,-0.265728,0.643925,0.299605,0.021889,0.296815,0.225816,0.224596,0.226781,-0.016973,
1.915555,0.076563,0.140728,-0.233724,0.655332,0.287352,0.077226,0.212236,0.257956,0.227951,0.191112,0.063379,
1.870170,0.074969,0.225594,-0.288392,0.635783,0.299837,0.133388,0.151282,0.262704,0.233204,0.124347,0.114500,
1.872381,0.116078,0.222674,-0.373762,0.709228,0.344251,0.080393,0.169624,0.280538,0.222082,0.134103,0.074757,
1.960912,0.146517,0.191028,-0.467439,0.803714,0.377647,0.039323,0.185853,0.296575,0.212485,0.130834,0.042775,
1.902489,0.128618,0.212437,-0.348353,0.730015,0.299613,0.093927,0.172833,0.296093,0.275512,0.078771,0.036526,
1.931713,0.084249,0.259989,-0.370807,0.783649,0.262037,0.075540,0.189018,0.237637,0.324726,0.075010,0.063198,
1.867912,0.029675,0.326455,-0.381221,0.764185,0.277941,0.011094,0.224009,0.265148,0.293935,0.123059,0.062189,
1.739937,0.043724,0.383627,-0.328609,0.708569,0.245625,0.054044,0.213416,0.271886,0.293722,0.094541,0.080798,
1.715992,0.135979,0.438244,-0.310889,0.648589,0.255023,0.093205,0.209670,0.308474,0.277976,0.038463,0.074533,
1.706460,0.134236,0.449032,-0.314699,0.660998,0.212878,0.113718,0.270282,0.262533,0.261337,0.056253,0.091789,
1.746190,0.097491,0.364341,-0.310156,0.738429,0.145494,0.054793,0.351961,0.247721,0.261459,0.126611,0.072668,
1.817737,0.147671,0.272417,-0.260288,0.504670,0.228352,0.197278,0.366582,0.250579,0.145129,0.140711,0.078850,
1.854210,0.133293,0.306446,-0.135815,0.490364,0.143624,0.247021,0.210950,0.312268,0.230725,0.011529,0.108870,
1.671297,0.166442,0.303387,-0.090064,0.551834,0.061923,0.180835,0.201661,0.375683,0.318822,0.029696,0.072301,
1.468719,0.249651,0.304417,-0.149834,0.590912,0.147333,0.167309,0.181603,0.300094,0.344788,0.124529,0.052228,
1.429996,0.274023,0.425733,-0.087951,0.557179,0.130763,0.209848,0.157056,0.261451,0.221077,0.051184,0.120902,
1.415963,0.310747,0.454566,-0.071796,0.613613,0.069007,0.187519,0.172725,0.232816,0.148272,0.043433,0.149788,
1.348171,0.277237,0.498883,-0.061463,0.579447,0.052001,0.129244,0.168371,0.211639,0.181915,0.061498,0.115031,
1.294380,0.084285,0.602368,-0.024119,0.571384,0.118279,0.151343,0.264924,0.068989,0.168745,0.066363,0.053460,
1.277903,0.037803,0.484974,-0.035854,0.520153,0.081249,0.197405,0.198608,0.125006,0.171335,0.106897,0.107421,
1.395420,0.089635,0.418980,-0.107548,0.397587,0.081046,0.296451,0.081337,0.116166,0.165189,0.049646,0.154274,
