1.148221,-0.328650,0.562207,-0.085415,0.318202,-0.019358,0.015253,0.094314,0.022267,0.198533,-0.005656,-0.002556,
1.152220,-0.259084,0.605606,0.012917,0.378805,0.004383,0.111626,0.091784,0.066159,0.195089,0.094213,0.091997,
1.244691,-0.245447,0.685972,-0.011586,0.332822,-0.041685,0.065819,0.161788,0.096737,0.271152,0.148693,0.056805,
1.139497,-0.096611,0.649683,0.009285,0.315679,-0.044796,0.130829,0.099009,0.050517,0.341115,0.165159,0.016269,
1.122571,0.020620,0.611598,-0.111647,0.337557,0.042465,0.162773,0.128470,0.047978,0.281378,0.234258,0.045102,
1.134547,-0.032678,0.689132,-0.131807,0.363203,0.044637,0.091569,0.196462,0.076346,0.208523,0.135365,0.037769,
1.135425,-0.147015,0.663458,-0.146527,0.444559,0.061897,0.168647,0.246460,0.080635,0.140349,0.044123,0.099121,
1.260268,-0.124693,0.727230,-0.090968,0.405166,-0.024317,0.092537,0.085067,-0.014505,0.175593,0.106236,0.151001,
1.258680,-0.104436,0.716789,-0.106287,0.369409,-0.037481,0.124011,0.095868,-0.078487,0.189258,0.144922,0.133485,
1.246253,-0.091827,0.608372,-0.136484,0.443148,0.112895,0.150044,0.138828,0.071986,0.272395,0.055998,0.044946,
1.194002,-0.092400,0.614828,-0.169450,0.479933,0.146806,0.167110,0.130333,0.067181,0.247976,0.088659,0.073052,
1.209564,-0.081222,0.660248,-0.116596,0.480401,0.031574,0.185360,0.152961,0.080469,0.174442,-0.037207,0.150106,
1.194260,-0.037002,0.750084,-0.026920,0.435413,-0.023126,0.194626,0.127130,0.016275,0.129936,-0.018840,0.155721,
1.346116,0.006189,0.683608,-0.136538,0.446960,0.075057,0.144537,0.148201,-0.017199,0.087887,0.074006,0.129654,
1.514970,-0.036885,0.697778,-0.095856,0.513197,-0.018081,0.080569,0.228806,0.014160,0.082011,-0.057105,0.116027,
1.480925,-0.072764,0.691653,-0.111344,0.509081,-0.025361,0.081949,0.203979,-0.016883,0.057493,-0.035990,0.163591,
1.502105,0.043458,0.680053,-0.009669,0.441949,-0.054799,0.112631,0.180157,-0.009166,0.030443,-0.019245,0.137856,
1.519446,0.146923,0.816269,0.072906,0.376803,-0.047371,0.094188,0.094073,0.031991,0.016730,-0.062572,0.128339,
1.573416,0.253624,0.904123,0.059896,0.376912,0.030134,-0.053657,0.042596,0.047704,-0.039957,-0.005453,0.103768,
1.769284,0.232697,0.939598,0.043948,0.528394,0.043313,-0.135111,0.069022,0.041289,-0.054726,-0.078148,0.067899,
1.745647,0.252636,0.911260,0.061703,0.522128,0.036124,-0.104273,-0.013106,0.006663,-0.039820,-0.102025,0.070658,
1.858489,0.295353,0.845975,0.176373,0.537477,0.054327,-0.126223,-0.121686,-0.010487,-0.046484,-0.087940,0.041529,
1.928858,0.374538,0.854202,0.166549,0.747592,-0.027913,-0.256389,-0.123054,0.025244,-0.027267,-0.180852,-0.003670,
1.975190,0.371227,0.828747,0.098808,0.804290,-0.047158,-0.293602,-0.068566,-0.026437,-0.013133,-0.179572,-0.048234,
2.174547,0.302154,0.728016,-0.013688,0.820186,-0.013217,-0.231487,-0.035527,-0.095361,-0.029094,-0.226442,-0.013941,
2.239053,0.358728,0.627109,-0.041284,0.885902,0.019297,-0.295319,-0.103798,-0.108493,-0.070826,-0.202314,-0.042548,
2.290731,0.357815,0.638541,-0.064729,0.860819,0.063389,-0.394312,-0.103980,-0.107835,-0.122539,-0.148417,-0.110612,
2.149579,0.360055,0.725698,-0.122645,0.846783,0.043351,-0.430781,-0.084772,-0.106846,-0.129227,-0.118065,-0.102427,
2.206797,0.307992,0.797958,-0.163574,0.882057,0.051796,-0.481455,-0.053171,-0.147193,-0.152685,-0.145307,-0.118165,
2.034662,0.389028,0.785074,-0.039525,0.826440,-0.054602,-0.473568,-0.074137,-0.097253,-0.159501,-0.155317,-0.138628,
2.105277,0.267688,0.766813,-0.126525,0.916316,-0.039261,-0.495679,-0.103077,-0.173168,-0.067645,-0.191226,-0.133312,
2.140927,0.261815,0.752710,-0.152018,0.931970,-0.024482,-0.503728,-0.125394,-0.183452,-0.051165,-0.204771,-0.142417,
2.267048,0.224649,0.764812,-0.191982,0.973586,0.070189,-0.530705,-0.172765,-0.188009,-0.065926,-0.222484,-0.130972,
2.186537,0.308475,0.642430,-0.162136,0.963084,-0.019078,-0.462125,-0.176555,-0.202784,-0.031578,-0.214138,-0.144024,
2.179812,0.397302,0.496527,-0.114646,0.952975,-0.094800,-0.388497,-0.180977,-0.242606,0.025090,-0.216325,-0.174596,
2.280925,0.413807,0.553531,-0.221530,0.964675,-0.006402,-0.405927,-0.188442,-0.259264,-0.029517,-0.210715,-0.165218,
2.404829,0.304229,0.648978,-0.290303,0.959730,0.121420,-0.488170,-0.215162,-0.257891,-0.101504,-0.213162,-0.157057,
2.340788,0.284568,0.647840,-0.240676,0.931213,0.106440,-0.496596,-0.233999,-0.219236,-0.099114,-0.194409,-0.150061,
2.150146,0.383437,0.633812,-0.095050,0.783359,0.030351,-0.416722,-0.270886,-0.127655,-0.116738,-0.169709,-0.108667,
2.266033,0.278575,0.747402,-0.154583,0.849897,0.064924,-0.469129,-0.241900,-0.203261,-0.124306,-0.226863,-0.111268,
2.271926,0.294138,0.749863,-0.027396,0.812211,-0.027928,-0.414839,-0.250086,-0.243465,-0.054074,-0.253571,-0.157519,
2.070656,0.460710,0.420900,0.112117,0.698138,0.015474,-0.435721,-0.300809,-0.066932,-0.138829,-0.114964,-0.197083,
2.227301,0.332624,0.491298,-0.021521,0.807010,0.057685,-0.481398,-0.295230,-0.079320,-0.156479,-0.167836,-0.173132,
2.422349,0.217812,0.653824,-0.135802,0.816719,0.122963,-0.528038,-0.254171,-0.163150,-0.162753,-0.196957,-0.172496,
2.398789,0.289680,0.632619,-0.168705,0.843179,0.147389,-0.559927,-0.276852,-0.155998,-0.198429,-0.156916,-0.180449,
2.050357,0.515138,0.474754,0.063888,0.674923,0.078584,-0.539749,-0.331793,-0.022702,-0.250425,-0.066325,-0.207812,
2.271778,0.368788,0.573743,-0.235867,0.973613,0.005293,-0.549621,-0.291926,-0.222492,-0.109731,-0.208778,-0.180218,
2.260922,0.383674,0.501764,-0.196362,0.930801,-0.004614,-0.535423,-0.313874,-0.192381,-0.132594,-0.188036,-0.176764,
2.299833,0.350558,0.489702,-0.183821,0.886844,0.009297,-0.573910,-0.317376,-0.186095,-0.135204,-0.154181,-0.195803,
2.399967,0.245938,0.605698,-0.141098,0.785431,0.040950,-0.628538,-0.303375,-0.156762,-0.124264,-0.150657,-0.219006,
2.371093,0.302250,0.535619,-0.162129,0.784869,0.046089,-0.628277,-0.308151,-0.139791,-0.165591,-0.122808,-0.204227,
2.413422,0.235390,0.563875,-0.274352,0.826418,0.075228,-0.647729,-0.271785,-0.188489,-0.162601,-0.116448,-0.193617,
2.242244,0.346384,0.528827,-0.173548,0.777606,-0.040616,-0.586262,-0.304117,-0.113312,-0.125734,-0.148266,-0.163696,
2.306496,0.362125,0.487504,-0.265594,0.805022,-0.070110,-0.547289,-0.310803,-0.158581,-0.095107,-0.185186,-0.117770,
2.335822,0.342777,0.409143,-0.227872,0.766146,-0.094290,-0.494181,-0.339618,-0.144516,-0.064604,-0.194809,-0.077962,
2.314747,0.287946,0.463015,-0.263661,0.695263,-0.080127,-0.561852,-0.228623,-0.163363,-0.072670,-0.077149,-0.114650,
2.336781,0.245606,0.506935,-0.289001,0.666886,-0.083868,-0.580494,-0.211628,-0.158787,-0.067794,-0.075306,-0.101936,
2.339958,0.278521,0.491575,-0.292836,0.697251,-0.119841,-0.605110,-0.147088,-0.165950,-0.088882,-0.079036,-0.145472,
2.197840,0.395499,0.349110,-0.166018,0.700697,-0.174234,-0.532605,-0.206507,-0.116784,-0.072554,-0.093900,-0.133166,
2.213078,0.350701,0.347747,-0.145371,0.727457,-0.162342,-0.512147,-0.147864,-0.151385,-0.054391,-0.101863,-0.163706,
2.324092,0.296580,0.368947,-0.115951,0.627121,-0.106904,-0.494771,-0.072336,-0.136648,-0.048044,-0.047144,-0.185601,
2.216982,0.311175,0.317798,-0.063007,0.565013,-0.076816,-0.487824,-0.027369,-0.122857,-0.132812,-0.003880,-0.137637,
2.132623,0.317561,0.332954,-0.193640,0.691994,-0.163847,-0.456681,-0.030020,-0.138006,-0.109221,-0.050707,-0.089001,
1.963528,0.390044,0.254953,-0.212904,0.781355,-0.243092,-0.378025,-0.063316,-0.100134,-0.019057,-0.060952,-0.034248,
1.908915,0.356672,0.253576,-0.207365,0.756135,-0.246846,-0.353558,-0.009259,-0.067673,0.001451,-0.032441,-0.020080,
1.865277,0.323571,0.252190,-0.176765,0.765144,-0.209314,-0.336002,0.039026,-0.081328,0.005971,0.009730,-0.029249,
1.953278,0.141606,0.346909,-0.208775,0.853327,-0.114444,-0.360617,0.114165,-0.147500,0.013890,0.038664,-0.037471,
1.860070,0.233263,0.281657,-0.152265,0.935776,-0.101213,-0.296508,0.048127,-0.143977,0.026032,0.035138,-0.005323,
1.833155,0.283200,0.205030,-0.147019,0.933738,-0.056383,-0.208709,-0.032311,-0.085099,0.071985,0.052639,0.036375,
1.932923,0.162984,0.380854,-0.128938,0.779381,-0.000708,-0.149836,-0.014467,-0.040115,0.101858,0.026632,0.087793,
1.780687,0.065014,0.592835,-0.082190,0.743276,0.036436,-0.145077,0.051094,-0.081646,0.069653,0.021271,0.042058,
1.675821,0.189193,0.757541,0.027747,0.723299,0.083931,-0.092079,0.032289,-0.069150,0.048089,-0.052668,-0.009833,
1.770672,0.334131,0.610803,0.058776,0.715966,0.091866,-0.062742,-0.105277,0.021706,-0.022667,-0.055196,0.079053,
1.710368,0.188039,0.612204,0.105216,0.793802,0.073470,-0.070213,0.052234,0.028408,-0.058285,-0.102211,0.061277,
1.655094,-0.138628,0.525669,0.262520,0.789477,-0.037173,-0.139452,0.130334,-0.007380,-0.038675,-0.159152,-0.007833,
1.756637,-0.185858,0.491229,0.250242,0.662646,-0.069195,-0.160917,0.145938,0.033155,-0.064356,-0.157674,-0.012173,
1.622521,0.044540,0.587129,-0.084514,0.518282,-0.077442,-0.101718,0.137417,0.022252,-0.103471,-0.264767,-0.042419,
1.575186,0.039717,0.610456,-0.178795,0.403671,-0.123024,-0.125195,0.035025,-0.037727,-0.059677,-0.184820,-0.013671,
1.551875,0.100621,0.606354,-0.207407,0.463742,-0.065858,-0.079209,0.024476,-0.018242,-0.068483,-0.099106,0.094561,
1.617242,0.065253,0.571832,-0.127014,0.447975,-0.052349,-0.055191,-0.010335,0.049606,0.029748,-0.088774,0.094968,
1.731380,0.104695,0.590680,-0.097109,0.463566,-0.013511,-0.043408,-0.041754,0.007882,0.072256,-0.080321,0.067952,
1.877380,0.107133,0.583247,-0.110011,0.502106,0.058735,0.058289,-0.002591,-0.065041,0.073974,-0.096124,0.068422,
1.929406,-0.038279,0.587925,-0.104479,0.447955,0.051550,0.031464,-0.060074,-0.030940,0.101530,-0.172769,0.044376,
1.655438,0.052524,0.645660,-0.130500,0.336245,-0.131465,-0.105519,-0.061016,0.076958,0.115787,-0.126257,0.062683,
1.650834,-0.018590,0.526025,-0.215780,0.443584,-0.073089,-0.120973,-0.079659,0.086980,0.032835,-0.152343,0.132813,
1.660981,0.034839,0.546132,-0.284570,0.475528,0.012489,-0.126318,-0.056379,-0.014840,-0.051134,-0.111520,0.120014,
1.668098,0.133984,0.557531,-0.307728,0.445894,0.022340,-0.076059,-0.009168,-0.053931,-0.014111,-0.095645,0.040095,
1.715242,0.024737,0.593683,-0.216044,0.413988,0.042921,-0.043759,-0.023534,0.055956,-0.002347,-0.231189,0.032074,
1.604181,-0.018573,0.613632,-0.136233,0.423702,0.053401,-0.063611,-0.030648,0.124772,-0.086190,-0.269716,0.067836,
1.550148,0.030265,0.645601,-0.080393,0.422419,-0.091095,-0.171841,-0.006153,0.096718,-0.081614,-0.229414,0.032393,
1.716379,-0.061676,0.588069,-0.185532,0.334609,-0.100534,-0.271582,0.030290,0.068248,-0.136407,-0.208588,0.000681,
1.781064,-0.109241,0.587803,-0.241197,0.392925,0.078654,-0.231607,-0.035365,0.054343,-0.085267,-0.219312,-0.037718,
1.651301,-0.060984,0.676655,-0.210180,0.484376,0.236674,-0.148829,-0.053305,0.016564,-0.004827,-0.205422,-0.072335,
1.425485,-0.062140,0.664208,-0.184043,0.503012,0.194551,-0.104869,-0.033659,0.020795,-0.035985,-0.159880,0.002720,
1.204148,-0.094254,0.583277,-0.056555,0.320258,0.020161,-0.018839,-0.132644,0.064850,-0.126329,-0.207527,0.097247,
1.080357,-0.254744,0.441224,-0.042889,0.295357,-0.050322,-0.011409,-0.098662,0.006707,-0.123516,-0.198546,0.077199,
0.599656,-0.660154,0.271589,0.031501,0.425614,-0.147742,-0.133327,-0.071327,0.059042,-0.055789,-0.240635,-0.111892,
0.318971,-0.813746,0.235062,-0.021874,0.457222,-0.187371,-0.166116,-0.065415,0.023283,-0.114312,-0.208422,-0.099320,
-0.084454,-0.822689,0.424096,-0.016766,0.453865,-0.199126,-0.152091,-0.068694,0.035605,-0.065947,-0.128351,-0.072200,
-0.179403,-0.796373,0.459440,-0.071453,0.375229,-0.191277,-0.097257,-0.084731,0.072485,-0.032747,-0.147955,-0.114122,
-0.422094,-0.825668,0.472047,-0.037591,0.407946,-0.170582,-0.136699,-0.079807,0.196422,0.008488,-0.176980,-0.033970,
-0.710862,-1.053318,0.403108,0.127254,0.562335,-0.209239,-0.117576,-0.003906,0.167390,-0.008382,-0.102702,0.039460,
-0.824794,-1.227490,0.421060,0.173624,0.528950,-0.240407,-0.024206,-0.057406,0.060666,0.006981,-0.028209,0.014236,
-0.874714,-1.256191,0.358506,0.107955,0.629227,-0.104554,-0.043535,-0.128879,0.071035,0.116229,-0.028996,-0.029895,
-0.932445,-1.221302,0.357573,-0.053565,0.740134,-0.025663,-0.118704,-0.146829,0.044204,0.159197,-0.031494,-0.011938,
-0.839342,-1.164212,0.192191,-0.113530,0.670578,-0.048568,-0.147539,-0.223096,0.078054,0.018503,-0.009043,0.038223,
-0.766269,-1.166620,0.106985,-0.054724,0.706972,-0.061047,-0.123033,-0.183167,0.026328,-0.062889,0.053808,0.094944,
-0.673741,-1.390941,0.095861,-0.186367,0.639213,0.007125,-0.198878,-0.174853,-0.074787,0.098185,0.042264,-0.002331,
-0.691933,-1.382131,0.205525,-0.307552,0.562008,-0.016206,-0.225829,-0.212050,-0.093454,0.167006,0.011765,-0.041707,
-0.665393,-1.271675,0.121191,-0.267575,0.513874,-0.119852,-0.151815,-0.126307,-0.136996,0.142010,0.044060,-0.075272,
-0.696716,-1.295049,0.024169,-0.216872,0.651933,-0.256921,-0.180242,-0.109105,-0.033554,0.175797,-0.054740,-0.032636,
-0.706794,-1.275001,0.109188,-0.164398,0.689659,-0.188804,-0.113190,-0.129266,-0.038546,0.147588,-0.058960,0.006033,
-0.628798,-1.216020,0.192786,-0.199287,0.559002,-0.020759,-0.004278,-0.150731,-0.086262,0.106450,-0.031424,0.039991,
-0.530276,-1.185175,-0.045240,-0.388557,0.494415,-0.033099,-0.113441,-0.059744,-0.114045,0.055517,0.063225,0.069629,
-0.462826,-1.264886,-0.162245,-0.466246,0.424038,-0.084532,-0.072531,-0.021262,-0.004900,0.109870,-0.043611,0.068891,
-0.328490,-1.208055,-0.111351,-0.502274,0.370541,0.054478,-0.029310,-0.043700,-0.043361,0.125192,0.000567,0.085280,
-0.229555,-1.119421,0.012244,-0.514983,0.393827,0.149493,-0.014747,0.124357,-0.107465,0.033472,0.141130,0.082652,
-0.098368,-1.096874,0.142393,-0.298307,0.571996,0.134076,-0.052617,0.152379,-0.074471,0.036404,0.105208,0.092240,
-0.130857,-1.046001,0.259722,-0.143594,0.697545,0.142951,-0.071840,0.054215,-0.022725,0.109254,0.051917,-0.020305,
-0.365906,-1.096962,0.351352,-0.142706,0.659421,0.057344,-0.048064,0.029928,0.017169,0.181940,-0.002652,-0.084456,
-0.338602,-1.193038,0.266510,-0.225212,0.714590,-0.015254,-0.069579,0.022092,-0.168455,0.205810,0.053427,-0.139629,
-0.201591,-1.107428,0.198341,-0.298726,0.677144,0.157944,-0.009632,-0.003902,-0.215831,0.221322,0.127232,-0.173329,
0.005743,-1.007137,0.196448,-0.394579,0.505880,0.233780,-0.049348,0.031912,-0.044987,0.185315,0.074001,-0.081974,
0.084222,-0.838826,0.224655,-0.396726,0.443701,0.090106,0.071358,0.028473,0.083700,0.214847,0.051018,0.017467,
0.209846,-0.716084,0.185420,-0.483405,0.470636,0.123525,0.083069,0.006954,-0.033468,0.193170,0.098502,-0.013503,
0.391893,-0.662010,0.331425,-0.380434,0.496401,0.130045,0.033724,-0.113239,-0.078626,0.113113,-0.042718,-0.062888,
0.457811,-0.691988,0.237538,-0.395567,0.406338,0.020542,0.068077,-0.005199,-0.113223,0.064091,-0.018211,-0.126227,
