5
5
5
5
5
5
5
5
5
5
5
5
5
5
5
5
5
7
5
5
5
7
15
15
15
15
15
15
15
15
15
15
15
15
15
15
15
15
15
15
15
15
15
15
15
15
7
15
15
15
15
15
15
15
15
15
15
7
15
15
7
7
15
15
15
15
7
7
15
15
5
5
7
7
15
15
15
15
15
15
15
15
7
7
15
15
7
7
5
5
5
5
4
4
4
5
4
5
5
5
7
7
7
11
11
11
11
10
10
10
11
10
10
10
10
11
11
10
11
11
11
11
10
10
11
11
11
11
11
11
3
3
3
3
3
2
2
2
7
7
7
7
7
7
7
7
7
7
7
11
11
11
10
10
10
3
3
3
4
4
3
3
3
3
3
3
3
3
3
3
3
3
3
3
3
3
0
0
0
0
0
0
0
0
0
0
0
0
0
1
1