15
15
15
15
15
15
15
15
15
15
15
15
15
15
15
15
15
15
15
15
15
7
5
6
6
6
9
9
9
9
9
9
9
9
9
9
9
9
9
9
9
9
9
9
9
9
9
9
9
9
9
6
6
6
6
6
6
6
6
4
4
4
4
4
4
4
4
4
4
4
4
4
4
4
4
4
4
4
4
4
4
4
4
4
4
5
4
4
5
5
5
5
5
5
5
5
5
5
5
7
7
5
5
5
5
5
5
5
7
15
15
7
7
7
7
15
7
7
7
7
7
15
7
5
7
7
15
15
15
7
7
7
7
15
15
15
15
15
15
15
7
15
15
7
7
6
5
7
7
7
7
5
5
5
5
7
7
7
7
7
5